3.576278686523437500e-06 2.271000000000000085e+01 2.267000000000000171e+01
2.529032230377197266e-01 2.273000000000000043e+01 2.264999999999999858e+01
5.290040969848632812e-01 2.273000000000000043e+01 2.267999999999999972e+01
8.089377880096435547e-01 2.269999999999999929e+01 2.269000000000000128e+01
1.088954448699951172e+00 2.275000000000000000e+01 2.264999999999999858e+01
1.369808673858642578e+00 2.276000000000000156e+01 2.269000000000000128e+01
1.649909734725952148e+00 2.269999999999999929e+01 2.264999999999999858e+01
1.928869009017944336e+00 2.275000000000000000e+01 2.271000000000000085e+01
2.209704875946044922e+00 2.271000000000000085e+01 2.271000000000000085e+01
2.488936901092529297e+00 2.267999999999999972e+01 2.271000000000000085e+01
2.768858432769775391e+00 2.269000000000000128e+01 2.275000000000000000e+01
3.048935651779174805e+00 2.269000000000000128e+01 2.273999999999999844e+01
3.329028129577636719e+00 2.262000000000000099e+01 2.278000000000000114e+01
3.609559774398803711e+00 2.260999999999999943e+01 2.282999999999999829e+01
3.889558792114257812e+00 2.262999999999999901e+01 2.282000000000000028e+01
4.168788433074951172e+00 2.257000000000000028e+01 2.280000000000000071e+01
4.448878049850463867e+00 2.251999999999999957e+01 2.285999999999999943e+01
4.729384422302246094e+00 2.255999999999999872e+01 2.292999999999999972e+01
5.008817195892333984e+00 2.253000000000000114e+01 2.291000000000000014e+01
5.288921594619750977e+00 2.242000000000000171e+01 2.294999999999999929e+01
5.569810390472412109e+00 2.241000000000000014e+01 2.303000000000000114e+01
5.849768638610839844e+00 2.239000000000000057e+01 2.305000000000000071e+01
6.128983020782470703e+00 2.232000000000000028e+01 2.314000000000000057e+01
6.408776521682739258e+00 2.228999999999999915e+01 2.316000000000000014e+01
6.689788818359375000e+00 2.228999999999999915e+01 2.314999999999999858e+01
6.968794822692871094e+00 2.217000000000000171e+01 2.319999999999999929e+01
7.249009132385253906e+00 2.217999999999999972e+01 2.326999999999999957e+01
7.530190229415893555e+00 2.207999999999999829e+01 2.332000000000000028e+01
7.809802293777465820e+00 2.207000000000000028e+01 2.330999999999999872e+01
8.088826894760131836e+00 2.207999999999999829e+01 2.341000000000000014e+01
8.368818283081054688e+00 2.198000000000000043e+01 2.350000000000000000e+01
8.649649381637573242e+00 2.189000000000000057e+01 2.355999999999999872e+01
8.928730249404907227e+00 2.191000000000000014e+01 2.358999999999999986e+01
9.208683729171752930e+00 2.182000000000000028e+01 2.367000000000000171e+01
9.488980293273925781e+00 2.176999999999999957e+01 2.369000000000000128e+01
9.769866228103637695e+00 2.171000000000000085e+01 2.371999999999999886e+01
1.004880785942077637e+01 2.167999999999999972e+01 2.378000000000000114e+01
1.032889866828918457e+01 2.167000000000000171e+01 2.387999999999999901e+01
1.061010003089904785e+01 2.160999999999999943e+01 2.396999999999999886e+01
1.088864612579345703e+01 2.150000000000000000e+01 2.405000000000000071e+01
1.116872477531433105e+01 2.148000000000000043e+01 2.412000000000000099e+01
1.144886684417724609e+01 2.139999999999999858e+01 2.410999999999999943e+01
1.172942948341369629e+01 2.137000000000000099e+01 2.419000000000000128e+01
1.200874304771423340e+01 2.130000000000000071e+01 2.426000000000000156e+01
1.228903889656066895e+01 2.123000000000000043e+01 2.430000000000000071e+01
1.256954908370971680e+01 2.117999999999999972e+01 2.437000000000000099e+01
1.284908676147460938e+01 2.121000000000000085e+01 2.442999999999999972e+01
1.312875962257385254e+01 2.107000000000000028e+01 2.446999999999999886e+01
1.340877389907836914e+01 2.101000000000000156e+01 2.458999999999999986e+01
1.368967127799987793e+01 2.094999999999999929e+01 2.462000000000000099e+01
1.396868872642517090e+01 2.092000000000000171e+01 2.471999999999999886e+01
1.424890613555908203e+01 2.085999999999999943e+01 2.476000000000000156e+01
1.452956438064575195e+01 2.078999999999999915e+01 2.482000000000000028e+01
1.480953645706176758e+01 2.071999999999999886e+01 2.492999999999999972e+01
1.508868241310119629e+01 2.071999999999999886e+01 2.498000000000000043e+01
1.536894464492797852e+01 2.062999999999999901e+01 2.505999999999999872e+01
1.564956974983215332e+01 2.057000000000000028e+01 2.514999999999999858e+01
1.592959213256835938e+01 2.055000000000000071e+01 2.526999999999999957e+01
1.620891141891479492e+01 2.046000000000000085e+01 2.525000000000000000e+01
1.648978686332702637e+01 2.042999999999999972e+01 2.533999999999999986e+01
1.676931381225585938e+01 2.037999999999999901e+01 2.533999999999999986e+01
1.704869866371154785e+01 2.030999999999999872e+01 2.544999999999999929e+01
1.732878589630126953e+01 2.032999999999999829e+01 2.553999999999999915e+01
1.760968637466430664e+01 2.021000000000000085e+01 2.560000000000000142e+01
1.789070916175842285e+01 2.017999999999999972e+01 2.567000000000000171e+01
1.816865277290344238e+01 2.008999999999999986e+01 2.573000000000000043e+01
1.844943022727966309e+01 2.003999999999999915e+01 2.582999999999999829e+01
1.872949194908142090e+01 1.998999999999999844e+01 2.589000000000000057e+01
1.900872921943664551e+01 1.989999999999999858e+01 2.598000000000000043e+01
1.928877329826354980e+01 1.987000000000000099e+01 2.605999999999999872e+01
1.956890392303466797e+01 1.989999999999999858e+01 2.607999999999999829e+01
1.984947276115417480e+01 1.973000000000000043e+01 2.614999999999999858e+01
2.012877106666564941e+01 1.978999999999999915e+01 2.623999999999999844e+01
2.040880775451660156e+01 1.957999999999999829e+01 2.630000000000000071e+01
2.068884038925170898e+01 1.960999999999999943e+01 2.635000000000000142e+01
2.096917271614074707e+01 1.957999999999999829e+01 2.644999999999999929e+01
2.124868607521057129e+01 1.951999999999999957e+01 2.648999999999999844e+01
2.152891540527343750e+01 1.946999999999999886e+01 2.655999999999999872e+01
2.180920362472534180e+01 1.937999999999999901e+01 2.666000000000000014e+01
2.208868503570556641e+01 1.930999999999999872e+01 2.673999999999999844e+01
2.236903953552246094e+01 1.932999999999999829e+01 2.682999999999999829e+01
2.264927864074707031e+01 1.925000000000000000e+01 2.682000000000000028e+01
2.292910504341125488e+01 1.919000000000000128e+01 2.689999999999999858e+01
2.320868802070617676e+01 1.907999999999999829e+01 2.700000000000000000e+01
2.348881506919860840e+01 1.907999999999999829e+01 2.707999999999999829e+01
2.376931214332580566e+01 1.901999999999999957e+01 2.712999999999999901e+01
2.404877376556396484e+01 1.898000000000000043e+01 2.717000000000000171e+01
2.432884049415588379e+01 1.894000000000000128e+01 2.723999999999999844e+01
2.460990071296691895e+01 1.885000000000000142e+01 2.733999999999999986e+01
2.488945436477661133e+01 1.880000000000000071e+01 2.739999999999999858e+01
2.516869044303894043e+01 1.876000000000000156e+01 2.746999999999999886e+01
2.544869565963745117e+01 1.873000000000000043e+01 2.757999999999999829e+01
2.572925424575805664e+01 1.867000000000000171e+01 2.762999999999999901e+01
2.600866436958312988e+01 1.858999999999999986e+01 2.766000000000000014e+01
2.628885984420776367e+01 1.858999999999999986e+01 2.773000000000000043e+01
2.656927227973937988e+01 1.851999999999999957e+01 2.778999999999999915e+01
2.684947633743286133e+01 1.842000000000000171e+01 2.792000000000000171e+01
2.712854266166687012e+01 1.841000000000000014e+01 2.792999999999999972e+01
2.740858197212219238e+01 1.837000000000000099e+01 2.803000000000000114e+01
2.768938684463500977e+01 1.830999999999999872e+01 2.807000000000000028e+01
2.796936464309692383e+01 1.832000000000000028e+01 2.814999999999999858e+01
2.824867773056030273e+01 1.819000000000000128e+01 2.819000000000000128e+01
2.852945446968078613e+01 1.814999999999999858e+01 2.832999999999999829e+01
2.880928444862365723e+01 1.817000000000000171e+01 2.833999999999999986e+01
2.908867192268371582e+01 1.814000000000000057e+01 2.839999999999999858e+01
2.936891317367553711e+01 1.808999999999999986e+01 2.851000000000000156e+01
2.964956092834472656e+01 1.805999999999999872e+01 2.855000000000000071e+01
2.992944860458374023e+01 1.801999999999999957e+01 2.860000000000000142e+01
3.020872282981872559e+01 1.798000000000000043e+01 2.869999999999999929e+01
3.048929691314697266e+01 1.794000000000000128e+01 2.878999999999999915e+01
3.076941823959350586e+01 1.794000000000000128e+01 2.882000000000000028e+01
3.104867506027221680e+01 1.789000000000000057e+01 2.892999999999999972e+01
3.132865262031555176e+01 1.787999999999999901e+01 2.896999999999999886e+01
3.160884666442871094e+01 1.783999999999999986e+01 2.903999999999999915e+01
3.188931751251220703e+01 1.782999999999999829e+01 2.910000000000000142e+01
3.216857504844665527e+01 1.787999999999999901e+01 2.917999999999999972e+01
3.244871211051940918e+01 1.782000000000000028e+01 2.921000000000000085e+01
3.272879004478454590e+01 1.782000000000000028e+01 2.932000000000000028e+01
3.300868439674377441e+01 1.778999999999999915e+01 2.935999999999999943e+01
3.328874993324279785e+01 1.783999999999999986e+01 2.944999999999999929e+01
3.356950092315673828e+01 1.782999999999999829e+01 2.951000000000000156e+01
3.384928965568542480e+01 1.780999999999999872e+01 2.955999999999999872e+01
3.412865734100341797e+01 1.778000000000000114e+01 2.964999999999999858e+01
3.440869212150573730e+01 1.778000000000000114e+01 2.969999999999999929e+01
3.468932032585144043e+01 1.776999999999999957e+01 2.976000000000000156e+01
3.496879768371582031e+01 1.782999999999999829e+01 2.980999999999999872e+01
3.524882125854492188e+01 1.780000000000000071e+01 2.996000000000000085e+01
3.552885890007019043e+01 1.778000000000000114e+01 3.000000000000000000e+01
3.580937600135803223e+01 1.780999999999999872e+01 3.003999999999999915e+01
3.608916640281677246e+01 1.782999999999999829e+01 3.014999999999999858e+01
3.636876893043518066e+01 1.775000000000000000e+01 3.021000000000000085e+01
3.664952898025512695e+01 1.783999999999999986e+01 3.021999999999999886e+01
3.692939472198486328e+01 1.782999999999999829e+01 3.030999999999999872e+01
3.720852923393249512e+01 1.785000000000000142e+01 3.037000000000000099e+01
3.748875474929809570e+01 1.787999999999999901e+01 3.042000000000000171e+01
3.776942873001098633e+01 1.791000000000000014e+01 3.048000000000000043e+01
3.804917120933532715e+01 1.789999999999999858e+01 3.055000000000000071e+01
3.832856011390686035e+01 1.792999999999999972e+01 3.069000000000000128e+01
3.860880517959594727e+01 1.792999999999999972e+01 3.069999999999999929e+01
3.888931703567504883e+01 1.792000000000000171e+01 3.076999999999999957e+01
3.916856145858764648e+01 1.801000000000000156e+01 3.080000000000000071e+01
3.944849634170532227e+01 1.798999999999999844e+01 3.089000000000000057e+01
3.972892022132873535e+01 1.800000000000000000e+01 3.096999999999999886e+01
4.000918722152709961e+01 1.803999999999999915e+01 3.101999999999999957e+01
4.028854322433471680e+01 1.801000000000000156e+01 3.112000000000000099e+01
4.056863951683044434e+01 1.807000000000000028e+01 3.117999999999999972e+01
4.084928798675537109e+01 1.805999999999999872e+01 3.123999999999999844e+01
4.112858271598815918e+01 1.808999999999999986e+01 3.128999999999999915e+01
4.140857648849487305e+01 1.808999999999999986e+01 3.135999999999999943e+01
4.168869924545288086e+01 1.808999999999999986e+01 3.142999999999999972e+01
4.196950721740722656e+01 1.812000000000000099e+01 3.150000000000000000e+01
4.224857616424560547e+01 1.819000000000000128e+01 3.158999999999999986e+01
4.252855157852172852e+01 1.816000000000000014e+01 3.160999999999999943e+01
4.280870413780212402e+01 1.817000000000000171e+01 3.164999999999999858e+01
4.308997678756713867e+01 1.819000000000000128e+01 3.171999999999999886e+01
4.336862039566040039e+01 1.817000000000000171e+01 3.185999999999999943e+01
4.364856576919555664e+01 1.823000000000000043e+01 3.185000000000000142e+01
4.392913389205932617e+01 1.819000000000000128e+01 3.196999999999999886e+01
4.420853877067565918e+01 1.823000000000000043e+01 3.200000000000000000e+01
4.448857021331787109e+01 1.832000000000000028e+01 3.204999999999999716e+01
4.476974749565124512e+01 1.830999999999999872e+01 3.211999999999999744e+01
4.504917693138122559e+01 1.826000000000000156e+01 3.217000000000000171e+01
4.532852149009704590e+01 1.826000000000000156e+01 3.221000000000000085e+01
4.560861611366271973e+01 1.826999999999999957e+01 3.222999999999999687e+01
4.588908648490905762e+01 1.830999999999999872e+01 3.232000000000000028e+01
4.616849088668823242e+01 1.826999999999999957e+01 3.232999999999999829e+01
4.644851899147033691e+01 1.828999999999999915e+01 3.242999999999999972e+01
4.672936463356018066e+01 1.833999999999999986e+01 3.242999999999999972e+01
4.700909209251403809e+01 1.826000000000000156e+01 3.246000000000000085e+01
4.728847980499267578e+01 1.832000000000000028e+01 3.249000000000000199e+01
4.756868672370910645e+01 1.832000000000000028e+01 3.253999999999999915e+01
4.784907317161560059e+01 1.833999999999999986e+01 3.256000000000000227e+01
4.812846422195434570e+01 1.830000000000000071e+01 3.259000000000000341e+01
4.840846729278564453e+01 1.835999999999999943e+01 3.261999999999999744e+01
4.868857717514038086e+01 1.830999999999999872e+01 3.261999999999999744e+01
4.896907639503479004e+01 1.833999999999999986e+01 3.264999999999999858e+01
4.924847197532653809e+01 1.837000000000000099e+01 3.270000000000000284e+01
4.952868008613586426e+01 1.830999999999999872e+01 3.267000000000000171e+01
4.980905365943908691e+01 1.832000000000000028e+01 3.265999999999999659e+01
5.008843374252319336e+01 1.832999999999999829e+01 3.265999999999999659e+01
5.036873340606689453e+01 1.837000000000000099e+01 3.271999999999999886e+01
5.064862966537475586e+01 1.837000000000000099e+01 3.270000000000000284e+01
5.092929959297180176e+01 1.835999999999999943e+01 3.264000000000000057e+01
5.120902276039123535e+01 1.833999999999999986e+01 3.267999999999999972e+01
5.148871707916259766e+01 1.839999999999999858e+01 3.271999999999999886e+01
5.176845002174377441e+01 1.830999999999999872e+01 3.267000000000000171e+01
5.204855990409851074e+01 1.835000000000000142e+01 3.264000000000000057e+01
5.232851552963256836e+01 1.832999999999999829e+01 3.265999999999999659e+01
5.260875535011291504e+01 1.832999999999999829e+01 3.267999999999999972e+01
5.288854455947875977e+01 1.830999999999999872e+01 3.256000000000000227e+01
5.316935658454895020e+01 1.835000000000000142e+01 3.265999999999999659e+01
5.344852495193481445e+01 1.832999999999999829e+01 3.261999999999999744e+01
5.372856497764587402e+01 1.830999999999999872e+01 3.256000000000000227e+01
5.400914359092712402e+01 1.835999999999999943e+01 3.254999999999999716e+01
5.428850579261779785e+01 1.828000000000000114e+01 3.249000000000000199e+01
5.456850004196166992e+01 1.828000000000000114e+01 3.246000000000000085e+01
5.484936714172363281e+01 1.828000000000000114e+01 3.246999999999999886e+01
5.512897229194641113e+01 1.833999999999999986e+01 3.242999999999999972e+01
5.540849757194519043e+01 1.826000000000000156e+01 3.243999999999999773e+01
5.568853545188903809e+01 1.828000000000000114e+01 3.239999999999999858e+01
5.596928691864013672e+01 1.828000000000000114e+01 3.232999999999999829e+01
5.624983167648315430e+01 1.823999999999999844e+01 3.232000000000000028e+01
5.652847003936767578e+01 1.828999999999999915e+01 3.228999999999999915e+01
5.680904316902160645e+01 1.828999999999999915e+01 3.235000000000000142e+01
5.708933377265930176e+01 1.826999999999999957e+01 3.225000000000000000e+01
5.736864018440246582e+01 1.826999999999999957e+01 3.221000000000000085e+01
5.764855003356933594e+01 1.823000000000000043e+01 3.217000000000000171e+01
5.792942047119140625e+01 1.821000000000000085e+01 3.217000000000000171e+01
5.820919775962829590e+01 1.819000000000000128e+01 3.210999999999999943e+01
5.848860144615173340e+01 1.823999999999999844e+01 3.207999999999999829e+01
5.876947546005249023e+01 1.821999999999999886e+01 3.209000000000000341e+01
5.904897046089172363e+01 1.828000000000000114e+01 3.206000000000000227e+01
5.932846355438232422e+01 1.826999999999999957e+01 3.204999999999999716e+01
5.960862851142883301e+01 1.821999999999999886e+01 3.200999999999999801e+01
5.988934159278869629e+01 1.821999999999999886e+01 3.196000000000000085e+01
6.016911911964416504e+01 1.819999999999999929e+01 3.194999999999999929e+01
6.044849920272827148e+01 1.819999999999999929e+01 3.187999999999999901e+01
6.072918319702148438e+01 1.819999999999999929e+01 3.194999999999999929e+01
6.100913476943969727e+01 1.817999999999999972e+01 3.189000000000000057e+01
6.128860306739807129e+01 1.823999999999999844e+01 3.183999999999999986e+01
6.156863856315612793e+01 1.817999999999999972e+01 3.182999999999999829e+01
6.184927749633789062e+01 1.819000000000000128e+01 3.180999999999999872e+01
6.212901210784912109e+01 1.817000000000000171e+01 3.176999999999999957e+01
6.240853881835937500e+01 1.817000000000000171e+01 3.178999999999999915e+01
6.268853998184204102e+01 1.817999999999999972e+01 3.175000000000000000e+01
6.296948957443237305e+01 1.814999999999999858e+01 3.169999999999999929e+01
6.324911499023437500e+01 1.821999999999999886e+01 3.169999999999999929e+01
6.352867555618286133e+01 1.819000000000000128e+01 3.169999999999999929e+01
6.380840301513671875e+01 1.817999999999999972e+01 3.164000000000000057e+01
6.408971905708312988e+01 1.821000000000000085e+01 3.164999999999999858e+01
6.436865854263305664e+01 1.816000000000000014e+01 3.167000000000000171e+01
6.464855551719665527e+01 1.817999999999999972e+01 3.162000000000000099e+01
6.492920851707458496e+01 1.814000000000000057e+01 3.160999999999999943e+01
6.520834398269653320e+01 1.819999999999999929e+01 3.167000000000000171e+01
6.548856663703918457e+01 1.821000000000000085e+01 3.155000000000000071e+01
6.576924419403076172e+01 1.817000000000000171e+01 3.157000000000000028e+01
6.604912590980529785e+01 1.817999999999999972e+01 3.158999999999999986e+01
6.632893419265747070e+01 1.821000000000000085e+01 3.160999999999999943e+01
6.660858154296875000e+01 1.823000000000000043e+01 3.151999999999999957e+01
6.688905906677246094e+01 1.817999999999999972e+01 3.155999999999999872e+01
6.716833686828613281e+01 1.816000000000000014e+01 3.155000000000000071e+01
6.744833993911743164e+01 1.821999999999999886e+01 3.157999999999999829e+01
6.772835588455200195e+01 1.817999999999999972e+01 3.153999999999999915e+01
6.800938224792480469e+01 1.821000000000000085e+01 3.155999999999999872e+01
6.828895068168640137e+01 1.821999999999999886e+01 3.160000000000000142e+01
6.856847786903381348e+01 1.819999999999999929e+01 3.160000000000000142e+01
6.884833312034606934e+01 1.817999999999999972e+01 3.162000000000000099e+01
6.912850332260131836e+01 1.821000000000000085e+01 3.162000000000000099e+01
6.940836215019226074e+01 1.821999999999999886e+01 3.162999999999999901e+01
6.968920063972473145e+01 1.819999999999999929e+01 3.164999999999999858e+01
6.996914982795715332e+01 1.819999999999999929e+01 3.169999999999999929e+01
7.024886083602905273e+01 1.819999999999999929e+01 3.164000000000000057e+01
7.052838659286499023e+01 1.821999999999999886e+01 3.169999999999999929e+01
7.080833148956298828e+01 1.819999999999999929e+01 3.169000000000000128e+01
7.108841133117675781e+01 1.819999999999999929e+01 3.171000000000000085e+01
7.136990618705749512e+01 1.821999999999999886e+01 3.176000000000000156e+01
7.164859914779663086e+01 1.823000000000000043e+01 3.173000000000000043e+01
7.192908310890197754e+01 1.821000000000000085e+01 3.173999999999999844e+01
7.220903086662292480e+01 1.819000000000000128e+01 3.178000000000000114e+01
7.248832106590270996e+01 1.821000000000000085e+01 3.182999999999999829e+01
7.276862788200378418e+01 1.819999999999999929e+01 3.182000000000000028e+01
7.304838562011718750e+01 1.821000000000000085e+01 3.182999999999999829e+01
7.332918071746826172e+01 1.817000000000000171e+01 3.187999999999999901e+01
7.360862517356872559e+01 1.826000000000000156e+01 3.189999999999999858e+01
7.388899230957031250e+01 1.821000000000000085e+01 3.185999999999999943e+01
7.416910338401794434e+01 1.817999999999999972e+01 3.194999999999999929e+01
7.444840860366821289e+01 1.825000000000000000e+01 3.194000000000000128e+01
7.472839617729187012e+01 1.823000000000000043e+01 3.200999999999999801e+01
7.500857758522033691e+01 1.823999999999999844e+01 3.194000000000000128e+01
7.528893184661865234e+01 1.819000000000000128e+01 3.194999999999999929e+01
7.556862592697143555e+01 1.823999999999999844e+01 3.194000000000000128e+01
7.584920096397399902e+01 1.819999999999999929e+01 3.200999999999999801e+01
7.612883949279785156e+01 1.823999999999999844e+01 3.206000000000000227e+01
7.640835332870483398e+01 1.821999999999999886e+01 3.204999999999999716e+01
7.668836045265197754e+01 1.823000000000000043e+01 3.204999999999999716e+01
7.696826863288879395e+01 1.826000000000000156e+01 3.206000000000000227e+01
7.724889111518859863e+01 1.823999999999999844e+01 3.200000000000000000e+01
7.752849698066711426e+01 1.823999999999999844e+01 3.209000000000000341e+01
7.780842208862304688e+01 1.823999999999999844e+01 3.206000000000000227e+01
7.808906912803649902e+01 1.821999999999999886e+01 3.211999999999999744e+01
7.836906838417053223e+01 1.823999999999999844e+01 3.210999999999999943e+01
7.864835643768310547e+01 1.828000000000000114e+01 3.207999999999999829e+01
7.892829418182373047e+01 1.823999999999999844e+01 3.203999999999999915e+01
7.920896720886230469e+01 1.828000000000000114e+01 3.209000000000000341e+01
7.948846364021301270e+01 1.823000000000000043e+01 3.214000000000000057e+01
7.976897382736206055e+01 1.825000000000000000e+01 3.206000000000000227e+01
8.004918265342712402e+01 1.821000000000000085e+01 3.207000000000000028e+01
8.032889986038208008e+01 1.823999999999999844e+01 3.210000000000000142e+01
8.060835003852844238e+01 1.823000000000000043e+01 3.207999999999999829e+01
8.088830256462097168e+01 1.826999999999999957e+01 3.213000000000000256e+01
8.116893625259399414e+01 1.823000000000000043e+01 3.211999999999999744e+01
8.144814944267272949e+01 1.826999999999999957e+01 3.207999999999999829e+01
8.172826147079467773e+01 1.826999999999999957e+01 3.209000000000000341e+01
8.200908041000366211e+01 1.819999999999999929e+01 3.214000000000000057e+01
8.228894805908203125e+01 1.823999999999999844e+01 3.210000000000000142e+01
8.256831049919128418e+01 1.823999999999999844e+01 3.207000000000000028e+01
8.284851503372192383e+01 1.821999999999999886e+01 3.211999999999999744e+01
8.312925767898559570e+01 1.817999999999999972e+01 3.206000000000000227e+01
8.340900278091430664e+01 1.821000000000000085e+01 3.218999999999999773e+01
8.368819499015808105e+01 1.823999999999999844e+01 3.207999999999999829e+01
8.396826648712158203e+01 1.823000000000000043e+01 3.207000000000000028e+01
8.424893283843994141e+01 1.823999999999999844e+01 3.207000000000000028e+01
8.452829837799072266e+01 1.821999999999999886e+01 3.211999999999999744e+01
8.480856251716613770e+01 1.819999999999999929e+01 3.210000000000000142e+01
8.508893895149230957e+01 1.823000000000000043e+01 3.204999999999999716e+01
8.536890745162963867e+01 1.825000000000000000e+01 3.203999999999999915e+01
8.564839887619018555e+01 1.828000000000000114e+01 3.203000000000000114e+01
8.592824077606201172e+01 1.825000000000000000e+01 3.203000000000000114e+01
8.620839571952819824e+01 1.823999999999999844e+01 3.198000000000000043e+01
8.648944687843322754e+01 1.826999999999999957e+01 3.198999999999999844e+01
8.676838135719299316e+01 1.823999999999999844e+01 3.203000000000000114e+01
8.704960489273071289e+01 1.821999999999999886e+01 3.200000000000000000e+01
8.732922649383544922e+01 1.821999999999999886e+01 3.196000000000000085e+01
8.760820317268371582e+01 1.821999999999999886e+01 3.196000000000000085e+01
8.788829994201660156e+01 1.821999999999999886e+01 3.198999999999999844e+01
8.816835045814514160e+01 1.821999999999999886e+01 3.196000000000000085e+01
8.844890952110290527e+01 1.821999999999999886e+01 3.194000000000000128e+01
8.872832584381103516e+01 1.823999999999999844e+01 3.196000000000000085e+01
8.900893807411193848e+01 1.821999999999999886e+01 3.189999999999999858e+01
8.928919935226440430e+01 1.823999999999999844e+01 3.189999999999999858e+01
8.956830477714538574e+01 1.821999999999999886e+01 3.189000000000000057e+01
8.984826087951660156e+01 1.823999999999999844e+01 3.191000000000000014e+01
9.012828278541564941e+01 1.821999999999999886e+01 3.189999999999999858e+01
9.040883374214172363e+01 1.826000000000000156e+01 3.189000000000000057e+01
9.068820405006408691e+01 1.816000000000000014e+01 3.185999999999999943e+01
9.096897387504577637e+01 1.823000000000000043e+01 3.189999999999999858e+01
9.124932956695556641e+01 1.823999999999999844e+01 3.189000000000000057e+01
9.152822327613830566e+01 1.821000000000000085e+01 3.182999999999999829e+01
9.180830121040344238e+01 1.821000000000000085e+01 3.187999999999999901e+01
9.208898401260375977e+01 1.823000000000000043e+01 3.187000000000000099e+01
9.236883568763732910e+01 1.825000000000000000e+01 3.185000000000000142e+01
9.264835882186889648e+01 1.823999999999999844e+01 3.185000000000000142e+01
9.292827987670898438e+01 1.826999999999999957e+01 3.182000000000000028e+01
9.320929050445556641e+01 1.821999999999999886e+01 3.182999999999999829e+01
9.348921370506286621e+01 1.828000000000000114e+01 3.187999999999999901e+01
9.376833486557006836e+01 1.823000000000000043e+01 3.180999999999999872e+01
9.404874682426452637e+01 1.821000000000000085e+01 3.182999999999999829e+01
9.432901096343994141e+01 1.826000000000000156e+01 3.182999999999999829e+01
9.460818266868591309e+01 1.823999999999999844e+01 3.182000000000000028e+01
9.488820481300354004e+01 1.823999999999999844e+01 3.185000000000000142e+01
9.516896128654479980e+01 1.821999999999999886e+01 3.180000000000000071e+01
9.544896292686462402e+01 1.823999999999999844e+01 3.185000000000000142e+01
9.572818088531494141e+01 1.826000000000000156e+01 3.180999999999999872e+01
9.600848865509033203e+01 1.823000000000000043e+01 3.182999999999999829e+01
9.628913807868957520e+01 1.819999999999999929e+01 3.180000000000000071e+01
9.656839895248413086e+01 1.821999999999999886e+01 3.185000000000000142e+01
9.684932804107666016e+01 1.826000000000000156e+01 3.182999999999999829e+01
9.712909173965454102e+01 1.821999999999999886e+01 3.182000000000000028e+01
9.740890455245971680e+01 1.821000000000000085e+01 3.182000000000000028e+01
9.768810558319091797e+01 1.823999999999999844e+01 3.187999999999999901e+01
9.796821093559265137e+01 1.823000000000000043e+01 3.187999999999999901e+01
9.824902367591857910e+01 1.819000000000000128e+01 3.185000000000000142e+01
9.852893304824829102e+01 1.821000000000000085e+01 3.185000000000000142e+01
9.880893540382385254e+01 1.826000000000000156e+01 3.189000000000000057e+01
9.908884477615356445e+01 1.819999999999999929e+01 3.178999999999999915e+01
9.936918520927429199e+01 1.821999999999999886e+01 3.187000000000000099e+01
9.964822220802307129e+01 1.821000000000000085e+01 3.185000000000000142e+01
9.992808198928833008e+01 1.821000000000000085e+01 3.185000000000000142e+01
1.002088055610656738e+02 1.819999999999999929e+01 3.187999999999999901e+01
1.004892446994781494e+02 1.823000000000000043e+01 3.185999999999999943e+01
1.007683887481689453e+02 1.821999999999999886e+01 3.182000000000000028e+01
1.010486626625061035e+02 1.826000000000000156e+01 3.180999999999999872e+01
1.013288974761962891e+02 1.821999999999999886e+01 3.192000000000000171e+01
1.016088054180145264e+02 1.825000000000000000e+01 3.192000000000000171e+01
1.018882904052734375e+02 1.825000000000000000e+01 3.189999999999999858e+01
1.021682813167572021e+02 1.823000000000000043e+01 3.189000000000000057e+01
1.024487316608428955e+02 1.826999999999999957e+01 3.189999999999999858e+01
1.027281997203826904e+02 1.823000000000000043e+01 3.189999999999999858e+01
1.030081112384796143e+02 1.821999999999999886e+01 3.189999999999999858e+01
1.032886855602264404e+02 1.823000000000000043e+01 3.191000000000000014e+01
1.035687026977539062e+02 1.814999999999999858e+01 3.191000000000000014e+01
1.038481113910675049e+02 1.821000000000000085e+01 3.194000000000000128e+01
1.041287856101989746e+02 1.821999999999999886e+01 3.192000000000000171e+01
1.044086937904357910e+02 1.819999999999999929e+01 3.189999999999999858e+01
1.046880552768707275e+02 1.823999999999999844e+01 3.194000000000000128e+01
1.049681925773620605e+02 1.823000000000000043e+01 3.191000000000000014e+01
1.052483005523681641e+02 1.821000000000000085e+01 3.196000000000000085e+01
1.055285718441009521e+02 1.817000000000000171e+01 3.194000000000000128e+01
1.058081676959991455e+02 1.823999999999999844e+01 3.194000000000000128e+01
1.060880897045135498e+02 1.821000000000000085e+01 3.198999999999999844e+01
1.063687098026275635e+02 1.821000000000000085e+01 3.196999999999999886e+01
1.066482226848602295e+02 1.823000000000000043e+01 3.189000000000000057e+01
1.069280622005462646e+02 1.823999999999999844e+01 3.196999999999999886e+01
1.072082281112670898e+02 1.823000000000000043e+01 3.194999999999999929e+01
1.074892516136169434e+02 1.823999999999999844e+01 3.196999999999999886e+01
1.077680184841156006e+02 1.823000000000000043e+01 3.200000000000000000e+01
1.080480437278747559e+02 1.826999999999999957e+01 3.196999999999999886e+01
1.083294160366058350e+02 1.819999999999999929e+01 3.192999999999999972e+01
1.086082227230072021e+02 1.826999999999999957e+01 3.203000000000000114e+01
1.088880543708801270e+02 1.823000000000000043e+01 3.194999999999999929e+01
1.091680855751037598e+02 1.821000000000000085e+01 3.200000000000000000e+01
1.094489874839782715e+02 1.819000000000000128e+01 3.198000000000000043e+01
1.097279658317565918e+02 1.821000000000000085e+01 3.194000000000000128e+01
1.100080137252807617e+02 1.823000000000000043e+01 3.196999999999999886e+01
1.102882919311523438e+02 1.821999999999999886e+01 3.191000000000000014e+01
1.105686564445495605e+02 1.821000000000000085e+01 3.196999999999999886e+01
1.108480846881866455e+02 1.821000000000000085e+01 3.192000000000000171e+01
1.111280717849731445e+02 1.825000000000000000e+01 3.200999999999999801e+01
1.114089064598083496e+02 1.823999999999999844e+01 3.196000000000000085e+01
1.116880400180816650e+02 1.819999999999999929e+01 3.200000000000000000e+01
1.119680714607238770e+02 1.821999999999999886e+01 3.200000000000000000e+01
1.122489020824432373e+02 1.817999999999999972e+01 3.194999999999999929e+01
1.125286698341369629e+02 1.819999999999999929e+01 3.196999999999999886e+01
1.128082106113433838e+02 1.821999999999999886e+01 3.198000000000000043e+01
1.130892226696014404e+02 1.821999999999999886e+01 3.192000000000000171e+01
1.133686523437500000e+02 1.817999999999999972e+01 3.198999999999999844e+01
1.136480996608734131e+02 1.819999999999999929e+01 3.200999999999999801e+01
1.139280993938446045e+02 1.823000000000000043e+01 3.194999999999999929e+01
1.142089011669158936e+02 1.821000000000000085e+01 3.196000000000000085e+01
1.144887454509735107e+02 1.823999999999999844e+01 3.194000000000000128e+01
1.147682902812957764e+02 1.821000000000000085e+01 3.194999999999999929e+01
1.150488731861114502e+02 1.821000000000000085e+01 3.198000000000000043e+01
1.153288445472717285e+02 1.821000000000000085e+01 3.194000000000000128e+01
1.156088340282440186e+02 1.823000000000000043e+01 3.196999999999999886e+01
1.158882083892822266e+02 1.821000000000000085e+01 3.196999999999999886e+01
1.161681244373321533e+02 1.819999999999999929e+01 3.194000000000000128e+01
1.164487080574035645e+02 1.817999999999999972e+01 3.192999999999999972e+01
1.167280125617980957e+02 1.819999999999999929e+01 3.194000000000000128e+01
1.170083143711090088e+02 1.823999999999999844e+01 3.196999999999999886e+01
1.172892973423004150e+02 1.819999999999999929e+01 3.194000000000000128e+01
1.175687723159790039e+02 1.823000000000000043e+01 3.189999999999999858e+01
1.178479821681976318e+02 1.821000000000000085e+01 3.192000000000000171e+01
1.181280968189239502e+02 1.823999999999999844e+01 3.196000000000000085e+01
1.184088156223297119e+02 1.819999999999999929e+01 3.194999999999999929e+01
1.186880362033843994e+02 1.821000000000000085e+01 3.189999999999999858e+01
1.189680774211883545e+02 1.823999999999999844e+01 3.189999999999999858e+01
1.192488136291503906e+02 1.819999999999999929e+01 3.187999999999999901e+01
1.195287978649139404e+02 1.821999999999999886e+01 3.185000000000000142e+01
1.198079948425292969e+02 1.823000000000000043e+01 3.187000000000000099e+01
1.200880758762359619e+02 1.819999999999999929e+01 3.192999999999999972e+01
