3.576278686523437500e-06 2.207000000000000028e+01 2.326999999999999957e+01
2.521605491638183594e-01 2.205000000000000071e+01 2.326000000000000156e+01
5.296459197998046875e-01 2.210999999999999943e+01 2.328000000000000114e+01
8.099129199981689453e-01 2.210999999999999943e+01 2.330000000000000071e+01
1.089679002761840820e+00 2.208999999999999986e+01 2.325000000000000000e+01
1.369789838790893555e+00 2.212000000000000099e+01 2.326999999999999957e+01
1.649902582168579102e+00 2.210000000000000142e+01 2.326999999999999957e+01
1.929337739944458008e+00 2.208999999999999986e+01 2.326000000000000156e+01
2.209318876266479492e+00 2.212000000000000099e+01 2.326000000000000156e+01
2.489385843276977539e+00 2.214999999999999858e+01 2.326000000000000156e+01
2.770186901092529297e+00 2.207999999999999829e+01 2.328000000000000114e+01
3.049563884735107422e+00 2.210999999999999943e+01 2.326999999999999957e+01
3.330653667449951172e+00 2.203000000000000114e+01 2.332000000000000028e+01
3.610485076904296875e+00 2.208999999999999986e+01 2.328999999999999915e+01
3.889354705810546875e+00 2.205999999999999872e+01 2.332000000000000028e+01
4.169330358505249023e+00 2.203000000000000114e+01 2.328000000000000114e+01
4.450133562088012695e+00 2.205000000000000071e+01 2.330999999999999872e+01
4.730075359344482422e+00 2.201999999999999957e+01 2.333999999999999986e+01
5.009494066238403320e+00 2.196999999999999886e+01 2.333999999999999986e+01
5.290583610534667969e+00 2.196999999999999886e+01 2.335999999999999943e+01
5.570201158523559570e+00 2.196999999999999886e+01 2.337000000000000099e+01
5.849352121353149414e+00 2.198000000000000043e+01 2.342999999999999972e+01
6.129554986953735352e+00 2.196000000000000085e+01 2.342000000000000171e+01
6.410145521163940430e+00 2.192000000000000171e+01 2.344000000000000128e+01
6.690357923507690430e+00 2.194000000000000128e+01 2.346999999999999886e+01
6.969319343566894531e+00 2.185999999999999943e+01 2.350000000000000000e+01
7.249454498291015625e+00 2.183999999999999986e+01 2.346999999999999886e+01
7.529930591583251953e+00 2.183999999999999986e+01 2.355000000000000071e+01
7.809978961944580078e+00 2.185000000000000142e+01 2.357000000000000028e+01
8.089273691177368164e+00 2.185000000000000142e+01 2.353999999999999915e+01
8.369457244873046875e+00 2.182999999999999829e+01 2.357000000000000028e+01
8.649325609207153320e+00 2.173000000000000043e+01 2.362000000000000099e+01
8.929432392120361328e+00 2.173999999999999844e+01 2.364999999999999858e+01
9.209458351135253906e+00 2.171999999999999886e+01 2.369000000000000128e+01
9.490003824234008789e+00 2.171999999999999886e+01 2.371999999999999886e+01
9.770091056823730469e+00 2.164999999999999858e+01 2.369000000000000128e+01
1.004928350448608398e+01 2.164000000000000057e+01 2.373999999999999844e+01
1.032963299751281738e+01 2.169000000000000128e+01 2.378999999999999915e+01
1.060995864868164062e+01 2.160000000000000142e+01 2.382000000000000028e+01
1.088948440551757812e+01 2.157000000000000028e+01 2.382999999999999829e+01
1.116941428184509277e+01 2.153999999999999915e+01 2.385000000000000142e+01
1.145010614395141602e+01 2.157999999999999829e+01 2.387999999999999901e+01
1.172969460487365723e+01 2.148999999999999844e+01 2.396000000000000085e+01
1.200932359695434570e+01 2.151999999999999957e+01 2.394999999999999929e+01
1.228940510749816895e+01 2.151999999999999957e+01 2.398999999999999844e+01
1.257041382789611816e+01 2.144000000000000128e+01 2.401999999999999957e+01
1.284996938705444336e+01 2.144000000000000128e+01 2.401000000000000156e+01
1.312946271896362305e+01 2.144000000000000128e+01 2.405999999999999872e+01
1.340992331504821777e+01 2.137999999999999901e+01 2.407999999999999829e+01
1.368920183181762695e+01 2.137000000000000099e+01 2.414000000000000057e+01
1.396930503845214844e+01 2.135000000000000142e+01 2.417000000000000171e+01
1.424933838844299316e+01 2.133999999999999986e+01 2.416000000000000014e+01
1.452938818931579590e+01 2.130999999999999872e+01 2.423999999999999844e+01
1.480987501144409180e+01 2.126999999999999957e+01 2.428000000000000114e+01
1.508943343162536621e+01 2.128999999999999915e+01 2.430000000000000071e+01
1.536956357955932617e+01 2.128999999999999915e+01 2.428999999999999915e+01
1.564953517913818359e+01 2.121999999999999886e+01 2.435000000000000142e+01
1.592932963371276855e+01 2.121999999999999886e+01 2.439000000000000057e+01
1.620955562591552734e+01 2.121000000000000085e+01 2.446000000000000085e+01
1.648931097984313965e+01 2.110999999999999943e+01 2.442000000000000171e+01
1.676992011070251465e+01 2.114000000000000057e+01 2.444999999999999929e+01
1.704953813552856445e+01 2.110999999999999943e+01 2.453999999999999915e+01
1.732930755615234375e+01 2.107999999999999829e+01 2.453000000000000114e+01
1.760952448844909668e+01 2.105000000000000071e+01 2.462999999999999901e+01
1.788958978652954102e+01 2.101000000000000156e+01 2.464999999999999858e+01
1.816934180259704590e+01 2.103999999999999915e+01 2.464999999999999858e+01
1.844934773445129395e+01 2.096999999999999886e+01 2.473000000000000043e+01
1.872986769676208496e+01 2.092000000000000171e+01 2.475000000000000000e+01
1.900931096076965332e+01 2.089000000000000057e+01 2.473000000000000043e+01
1.928936576843261719e+01 2.087999999999999901e+01 2.480999999999999872e+01
1.956949353218078613e+01 2.087999999999999901e+01 2.485000000000000142e+01
1.985030245780944824e+01 2.085000000000000142e+01 2.485999999999999943e+01
2.012926602363586426e+01 2.080000000000000071e+01 2.487000000000000099e+01
2.040938186645507812e+01 2.082000000000000028e+01 2.489000000000000057e+01
2.069017314910888672e+01 2.080000000000000071e+01 2.498000000000000043e+01
2.096927452087402344e+01 2.073999999999999844e+01 2.503999999999999915e+01
2.124922513961791992e+01 2.071000000000000085e+01 2.505000000000000071e+01
2.153025674819946289e+01 2.073000000000000043e+01 2.503999999999999915e+01
2.181009531021118164e+01 2.062999999999999901e+01 2.512000000000000099e+01
2.208928894996643066e+01 2.067000000000000171e+01 2.514999999999999858e+01
2.236942362785339355e+01 2.066000000000000014e+01 2.517999999999999972e+01
2.264994359016418457e+01 2.060999999999999943e+01 2.523000000000000043e+01
2.292984676361083984e+01 2.057999999999999829e+01 2.523999999999999844e+01
2.320940303802490234e+01 2.057999999999999829e+01 2.530999999999999872e+01
2.348934102058410645e+01 2.055000000000000071e+01 2.530999999999999872e+01
2.376978421211242676e+01 2.055000000000000071e+01 2.535000000000000142e+01
2.404924964904785156e+01 2.048000000000000043e+01 2.533999999999999986e+01
2.432933354377746582e+01 2.048999999999999844e+01 2.537000000000000099e+01
2.461006331443786621e+01 2.046999999999999886e+01 2.544000000000000128e+01
2.489040112495422363e+01 2.044999999999999929e+01 2.546999999999999886e+01
2.516916656494140625e+01 2.037999999999999901e+01 2.548999999999999844e+01
2.544923615455627441e+01 2.037000000000000099e+01 2.560000000000000142e+01
2.572993755340576172e+01 2.032999999999999829e+01 2.551999999999999957e+01
2.600923180580139160e+01 2.030999999999999872e+01 2.567000000000000171e+01
2.628927564620971680e+01 2.028999999999999915e+01 2.567999999999999972e+01
2.656941699981689453e+01 2.032999999999999829e+01 2.567999999999999972e+01
2.684994244575500488e+01 2.026999999999999957e+01 2.575000000000000000e+01
2.712929534912109375e+01 2.025000000000000000e+01 2.571999999999999886e+01
2.740932941436767578e+01 2.023000000000000043e+01 2.576999999999999957e+01
2.769006276130676270e+01 2.019999999999999929e+01 2.580000000000000071e+01
2.796964573860168457e+01 2.016000000000000014e+01 2.582999999999999829e+01
2.824922657012939453e+01 2.014999999999999858e+01 2.583999999999999986e+01
2.852939701080322266e+01 2.012999999999999901e+01 2.589000000000000057e+01
2.880996179580688477e+01 2.010000000000000142e+01 2.591000000000000014e+01
2.908919882774353027e+01 2.010000000000000142e+01 2.596999999999999886e+01
2.936922240257263184e+01 2.005999999999999872e+01 2.598000000000000043e+01
2.965053176879882812e+01 2.007999999999999829e+01 2.605999999999999872e+01
2.993001747131347656e+01 2.001999999999999957e+01 2.605999999999999872e+01
3.020920181274414062e+01 2.005999999999999872e+01 2.607000000000000028e+01
3.048912978172302246e+01 2.001000000000000156e+01 2.608999999999999986e+01
3.076998996734619141e+01 1.992999999999999972e+01 2.614000000000000057e+01
3.104969859123229980e+01 1.996000000000000085e+01 2.614999999999999858e+01
3.132935380935668945e+01 1.994999999999999929e+01 2.623000000000000043e+01
3.161063480377197266e+01 1.991000000000000014e+01 2.630000000000000071e+01
3.189017724990844727e+01 1.987000000000000099e+01 2.626000000000000156e+01
3.216917371749877930e+01 1.989999999999999858e+01 2.635999999999999943e+01
3.244920730590820312e+01 1.983999999999999986e+01 2.632000000000000028e+01
3.272994756698608398e+01 1.987000000000000099e+01 2.637000000000000099e+01
3.300992941856384277e+01 1.980999999999999872e+01 2.639999999999999858e+01
3.328936553001403809e+01 1.978999999999999915e+01 2.642000000000000171e+01
3.357062554359436035e+01 1.976000000000000156e+01 2.648999999999999844e+01
3.384999060630798340e+01 1.971999999999999886e+01 2.642000000000000171e+01
3.412911343574523926e+01 1.967000000000000171e+01 2.653999999999999915e+01
3.440915560722351074e+01 1.973000000000000043e+01 2.657000000000000028e+01
3.468919420242309570e+01 1.967999999999999972e+01 2.657999999999999829e+01
3.497038936614990234e+01 1.967000000000000171e+01 2.660999999999999943e+01
3.524920368194580078e+01 1.964000000000000057e+01 2.666000000000000014e+01
3.553002071380615234e+01 1.964000000000000057e+01 2.671000000000000085e+01
3.580989551544189453e+01 1.962000000000000099e+01 2.676999999999999957e+01
3.608920454978942871e+01 1.960999999999999943e+01 2.676999999999999957e+01
3.636926293373107910e+01 1.955999999999999872e+01 2.673000000000000043e+01
3.664937353134155273e+01 1.955000000000000071e+01 2.676000000000000156e+01
3.692997407913208008e+01 1.955000000000000071e+01 2.687999999999999901e+01
3.720917534828186035e+01 1.951000000000000156e+01 2.687999999999999901e+01
3.748933124542236328e+01 1.946000000000000085e+01 2.691000000000000014e+01
3.776990747451782227e+01 1.948999999999999844e+01 2.696000000000000085e+01
3.804999160766601562e+01 1.944000000000000128e+01 2.694000000000000128e+01
3.832919192314147949e+01 1.944000000000000128e+01 2.696999999999999886e+01
3.860939383506774902e+01 1.944000000000000128e+01 2.698000000000000043e+01
3.888988614082336426e+01 1.939000000000000057e+01 2.707999999999999829e+01
3.916926884651184082e+01 1.937999999999999901e+01 2.701000000000000156e+01
3.944929552078247070e+01 1.939000000000000057e+01 2.710999999999999943e+01
3.972993278503417969e+01 1.939999999999999858e+01 2.710999999999999943e+01
4.000980234146118164e+01 1.935000000000000142e+01 2.714000000000000057e+01
4.028919887542724609e+01 1.941000000000000014e+01 2.717000000000000171e+01
4.056923413276672363e+01 1.932999999999999829e+01 2.721999999999999886e+01
4.084974074363708496e+01 1.928000000000000114e+01 2.719000000000000128e+01
4.112923693656921387e+01 1.928000000000000114e+01 2.723000000000000043e+01
4.140943384170532227e+01 1.928999999999999915e+01 2.732999999999999829e+01
4.168971729278564453e+01 1.930999999999999872e+01 2.730999999999999872e+01
4.196993708610534668e+01 1.923000000000000043e+01 2.735999999999999943e+01
4.224915719032287598e+01 1.919999999999999929e+01 2.737000000000000099e+01
4.252930498123168945e+01 1.917999999999999972e+01 2.739000000000000057e+01
4.280985736846923828e+01 1.919000000000000128e+01 2.744999999999999929e+01
4.308917880058288574e+01 1.917999999999999972e+01 2.751999999999999957e+01
4.336930227279663086e+01 1.917000000000000171e+01 2.746999999999999886e+01
4.364991569519042969e+01 1.914000000000000057e+01 2.753999999999999915e+01
4.392978978157043457e+01 1.912000000000000099e+01 2.757000000000000028e+01
4.420896935462951660e+01 1.908999999999999986e+01 2.755999999999999872e+01
4.448907160758972168e+01 1.907999999999999829e+01 2.762000000000000099e+01
4.476981043815612793e+01 1.907999999999999829e+01 2.762000000000000099e+01
4.505006670951843262e+01 1.908999999999999986e+01 2.767999999999999972e+01
4.532935476303100586e+01 1.901999999999999957e+01 2.762999999999999901e+01
4.560980248451232910e+01 1.898000000000000043e+01 2.769999999999999929e+01
4.588968110084533691e+01 1.905000000000000071e+01 2.771999999999999886e+01
4.616908979415893555e+01 1.896999999999999886e+01 2.776000000000000156e+01
4.644916868209838867e+01 1.900000000000000000e+01 2.778000000000000114e+01
4.672907447814941406e+01 1.894999999999999929e+01 2.785999999999999943e+01
4.700982570648193359e+01 1.889999999999999858e+01 2.782000000000000028e+01
4.728918147087097168e+01 1.887000000000000099e+01 2.787000000000000099e+01
4.756918549537658691e+01 1.892000000000000171e+01 2.789000000000000057e+01
4.784985852241516113e+01 1.883999999999999986e+01 2.787999999999999901e+01
4.812973999977111816e+01 1.887999999999999901e+01 2.794000000000000128e+01
4.841035842895507812e+01 1.882000000000000028e+01 2.796999999999999886e+01
4.868915939331054688e+01 1.882000000000000028e+01 2.800000000000000000e+01
4.896977114677429199e+01 1.882999999999999829e+01 2.800000000000000000e+01
4.924913311004638672e+01 1.883999999999999986e+01 2.801000000000000156e+01
4.952911186218261719e+01 1.878000000000000114e+01 2.808999999999999986e+01
4.981006002426147461e+01 1.878000000000000114e+01 2.810000000000000142e+01
5.008936834335327148e+01 1.876999999999999957e+01 2.812999999999999901e+01
5.036911034584045410e+01 1.880000000000000071e+01 2.812000000000000099e+01
5.064906334877014160e+01 1.876000000000000156e+01 2.810999999999999943e+01
5.092977666854858398e+01 1.873000000000000043e+01 2.817000000000000171e+01
5.120904779434204102e+01 1.867000000000000171e+01 2.819000000000000128e+01
5.148905801773071289e+01 1.867999999999999972e+01 2.823999999999999844e+01
5.176955175399780273e+01 1.867000000000000171e+01 2.830000000000000071e+01
5.204990696907043457e+01 1.862999999999999901e+01 2.828000000000000114e+01
5.232907462120056152e+01 1.862000000000000099e+01 2.833999999999999986e+01
5.260918211936950684e+01 1.860999999999999943e+01 2.837000000000000099e+01
5.289003396034240723e+01 1.857000000000000028e+01 2.835000000000000142e+01
5.316999697685241699e+01 1.862999999999999901e+01 2.833999999999999986e+01
5.344905567169189453e+01 1.862000000000000099e+01 2.839000000000000057e+01
5.372894048690795898e+01 1.860000000000000142e+01 2.837999999999999901e+01
5.400916695594787598e+01 1.853999999999999915e+01 2.844999999999999929e+01
5.428902196884155273e+01 1.848999999999999844e+01 2.842000000000000171e+01
5.456926393508911133e+01 1.851000000000000156e+01 2.848999999999999844e+01
5.484993338584899902e+01 1.846999999999999886e+01 2.853000000000000114e+01
5.512956833839416504e+01 1.851000000000000156e+01 2.851000000000000156e+01
5.540901422500610352e+01 1.850000000000000000e+01 2.858999999999999986e+01
5.568906593322753906e+01 1.844999999999999929e+01 2.860999999999999943e+01
5.596972942352294922e+01 1.846000000000000085e+01 2.860999999999999943e+01
5.624927115440368652e+01 1.842999999999999972e+01 2.860999999999999943e+01
5.652928400039672852e+01 1.839999999999999858e+01 2.864999999999999858e+01
5.680945181846618652e+01 1.842999999999999972e+01 2.862999999999999901e+01
5.708965468406677246e+01 1.835000000000000142e+01 2.871999999999999886e+01
5.736907529830932617e+01 1.837000000000000099e+01 2.869000000000000128e+01
5.764919900894165039e+01 1.839000000000000057e+01 2.876000000000000156e+01
5.792973279953002930e+01 1.837000000000000099e+01 2.873999999999999844e+01
5.820908093452453613e+01 1.837000000000000099e+01 2.878000000000000114e+01
5.848908901214599609e+01 1.835000000000000142e+01 2.885000000000000142e+01
5.876913309097290039e+01 1.833999999999999986e+01 2.887000000000000099e+01
5.904982161521911621e+01 1.830999999999999872e+01 2.887999999999999901e+01
5.932888722419738770e+01 1.832000000000000028e+01 2.885999999999999943e+01
5.960926580429077148e+01 1.825000000000000000e+01 2.892999999999999972e+01
5.989047169685363770e+01 1.825000000000000000e+01 2.892999999999999972e+01
6.016978573799133301e+01 1.826000000000000156e+01 2.896999999999999886e+01
6.044903683662414551e+01 1.821000000000000085e+01 2.901999999999999957e+01
6.072892618179321289e+01 1.823000000000000043e+01 2.898999999999999844e+01
6.100977158546447754e+01 1.821999999999999886e+01 2.898999999999999844e+01
6.128888463973999023e+01 1.817999999999999972e+01 2.905000000000000071e+01
6.156901097297668457e+01 1.817999999999999972e+01 2.908999999999999986e+01
6.184921908378601074e+01 1.817000000000000171e+01 2.908999999999999986e+01
6.212958025932312012e+01 1.817999999999999972e+01 2.908999999999999986e+01
6.240914678573608398e+01 1.814000000000000057e+01 2.910000000000000142e+01
6.268977618217468262e+01 1.817000000000000171e+01 2.912999999999999901e+01
6.296973419189453125e+01 1.814999999999999858e+01 2.914999999999999858e+01
6.324895930290222168e+01 1.814000000000000057e+01 2.919999999999999929e+01
6.352907419204711914e+01 1.810999999999999943e+01 2.919000000000000128e+01
6.380919861793518066e+01 1.810999999999999943e+01 2.921999999999999886e+01
6.408977055549621582e+01 1.808999999999999986e+01 2.921000000000000085e+01
6.436901354789733887e+01 1.808999999999999986e+01 2.928999999999999915e+01
6.464974236488342285e+01 1.803999999999999915e+01 2.933999999999999986e+01
6.492971563339233398e+01 1.808999999999999986e+01 2.930999999999999872e+01
6.520901703834533691e+01 1.807999999999999829e+01 2.935000000000000142e+01
6.548897099494934082e+01 1.800000000000000000e+01 2.939000000000000057e+01
6.576884222030639648e+01 1.801000000000000156e+01 2.939999999999999858e+01
6.604962229728698730e+01 1.800000000000000000e+01 2.942999999999999972e+01
6.632901144027709961e+01 1.796999999999999886e+01 2.944000000000000128e+01
6.661016058921813965e+01 1.796999999999999886e+01 2.946000000000000085e+01
6.688970661163330078e+01 1.796999999999999886e+01 2.951000000000000156e+01
6.716897106170654297e+01 1.794000000000000128e+01 2.944000000000000128e+01
6.744891858100891113e+01 1.796999999999999886e+01 2.955999999999999872e+01
6.772894334793090820e+01 1.792000000000000171e+01 2.951999999999999957e+01
6.800959038734436035e+01 1.791000000000000014e+01 2.957000000000000028e+01
6.828954410552978516e+01 1.791000000000000014e+01 2.957000000000000028e+01
6.856926846504211426e+01 1.794000000000000128e+01 2.955000000000000071e+01
6.885017800331115723e+01 1.792000000000000171e+01 2.957999999999999829e+01
6.912963795661926270e+01 1.789999999999999858e+01 2.960999999999999943e+01
6.940893936157226562e+01 1.787999999999999901e+01 2.964999999999999858e+01
6.968892359733581543e+01 1.787000000000000099e+01 2.967000000000000171e+01
6.996998405456542969e+01 1.780999999999999872e+01 2.973999999999999844e+01
7.024972319602966309e+01 1.780000000000000071e+01 2.969000000000000128e+01
7.052890586853027344e+01 1.776999999999999957e+01 2.969000000000000128e+01
7.080950427055358887e+01 1.782000000000000028e+01 2.975000000000000000e+01
7.109016633033752441e+01 1.776999999999999957e+01 2.978999999999999915e+01
7.136891818046569824e+01 1.778000000000000114e+01 2.976000000000000156e+01
7.164911341667175293e+01 1.776999999999999957e+01 2.982000000000000028e+01
7.192968916893005371e+01 1.778000000000000114e+01 2.985999999999999943e+01
7.220978713035583496e+01 1.775000000000000000e+01 2.985999999999999943e+01
7.248905682563781738e+01 1.775000000000000000e+01 2.982999999999999829e+01
7.276923418045043945e+01 1.771000000000000085e+01 2.985999999999999943e+01
7.304972004890441895e+01 1.771000000000000085e+01 2.989000000000000057e+01
7.332912278175354004e+01 1.773999999999999844e+01 2.994000000000000128e+01
7.360901284217834473e+01 1.769000000000000128e+01 2.992000000000000171e+01
7.388918185234069824e+01 1.764000000000000057e+01 2.994999999999999929e+01
7.416948509216308594e+01 1.762999999999999901e+01 3.001999999999999957e+01
7.444888234138488770e+01 1.771000000000000085e+01 3.000000000000000000e+01
7.472899651527404785e+01 1.764000000000000057e+01 3.003000000000000114e+01
7.500975966453552246e+01 1.762999999999999901e+01 3.007000000000000028e+01
7.528974747657775879e+01 1.764999999999999858e+01 3.005999999999999872e+01
7.556887698173522949e+01 1.760000000000000142e+01 3.010000000000000142e+01
7.584905409812927246e+01 1.764999999999999858e+01 3.010999999999999943e+01
7.613016319274902344e+01 1.760999999999999943e+01 3.010999999999999943e+01
7.640892100334167480e+01 1.757000000000000028e+01 3.017000000000000171e+01
7.668901014328002930e+01 1.755000000000000071e+01 3.012000000000000099e+01
7.697001194953918457e+01 1.755999999999999872e+01 3.014000000000000057e+01
7.724956822395324707e+01 1.753000000000000114e+01 3.017999999999999972e+01
7.752884531021118164e+01 1.757000000000000028e+01 3.019999999999999929e+01
7.780902743339538574e+01 1.751000000000000156e+01 3.023000000000000043e+01
7.809014534950256348e+01 1.750000000000000000e+01 3.026000000000000156e+01
7.836895632743835449e+01 1.744999999999999929e+01 3.028000000000000114e+01
7.864893674850463867e+01 1.746999999999999886e+01 3.026000000000000156e+01
7.893013262748718262e+01 1.746999999999999886e+01 3.025000000000000000e+01
7.920968198776245117e+01 1.748999999999999844e+01 3.028999999999999915e+01
7.948880386352539062e+01 1.750000000000000000e+01 3.035999999999999943e+01
7.976889395713806152e+01 1.746999999999999886e+01 3.037000000000000099e+01
8.004912185668945312e+01 1.746999999999999886e+01 3.033999999999999986e+01
8.032922863960266113e+01 1.741000000000000014e+01 3.033999999999999986e+01
8.060887312889099121e+01 1.748000000000000043e+01 3.042000000000000171e+01
8.088999605178833008e+01 1.739000000000000057e+01 3.039000000000000057e+01
8.117012715339660645e+01 1.739999999999999858e+01 3.041000000000000014e+01
8.145005941390991211e+01 1.737000000000000099e+01 3.046999999999999886e+01
8.172887063026428223e+01 1.741000000000000014e+01 3.048000000000000043e+01
8.200892305374145508e+01 1.735000000000000142e+01 3.044999999999999929e+01
8.228879857063293457e+01 1.739000000000000057e+01 3.048000000000000043e+01
8.256908464431762695e+01 1.737000000000000099e+01 3.044999999999999929e+01
8.285024237632751465e+01 1.737000000000000099e+01 3.055999999999999872e+01
8.312987732887268066e+01 1.733999999999999986e+01 3.053000000000000114e+01
8.341026473045349121e+01 1.735999999999999943e+01 3.055999999999999872e+01
8.368886303901672363e+01 1.737000000000000099e+01 3.055999999999999872e+01
8.396882939338684082e+01 1.741000000000000014e+01 3.057999999999999829e+01
8.424885511398315430e+01 1.732999999999999829e+01 3.060000000000000142e+01
8.452895450592041016e+01 1.733999999999999986e+01 3.062000000000000099e+01
8.481005144119262695e+01 1.726000000000000156e+01 3.060999999999999943e+01
8.508957076072692871e+01 1.726000000000000156e+01 3.062000000000000099e+01
8.537006068229675293e+01 1.723000000000000043e+01 3.066000000000000014e+01
8.564888978004455566e+01 1.728000000000000114e+01 3.067999999999999972e+01
8.592877388000488281e+01 1.725000000000000000e+01 3.069000000000000128e+01
8.620900630950927734e+01 1.728000000000000114e+01 3.073999999999999844e+01
8.648964667320251465e+01 1.721999999999999886e+01 3.073999999999999844e+01
8.676952624320983887e+01 1.723999999999999844e+01 3.073999999999999844e+01
8.704955220222473145e+01 1.726999999999999957e+01 3.078000000000000114e+01
8.732885003089904785e+01 1.717999999999999972e+01 3.083999999999999986e+01
8.760876488685607910e+01 1.721999999999999886e+01 3.082000000000000028e+01
8.788903450965881348e+01 1.723999999999999844e+01 3.082000000000000028e+01
8.816929316520690918e+01 1.721999999999999886e+01 3.080999999999999872e+01
8.844964289665222168e+01 1.717999999999999972e+01 3.085000000000000142e+01
8.872887516021728516e+01 1.717999999999999972e+01 3.085999999999999943e+01
8.901010537147521973e+01 1.716000000000000014e+01 3.085999999999999943e+01
8.928991413116455078e+01 1.717000000000000171e+01 3.089999999999999858e+01
8.956890606880187988e+01 1.714999999999999858e+01 3.087999999999999901e+01
8.984891939163208008e+01 1.717000000000000171e+01 3.094999999999999929e+01
9.012868976593017578e+01 1.714000000000000057e+01 3.096000000000000085e+01
9.040947389602661133e+01 1.714999999999999858e+01 3.101000000000000156e+01
9.068880605697631836e+01 1.707999999999999829e+01 3.096000000000000085e+01
9.096939611434936523e+01 1.710999999999999943e+01 3.100000000000000000e+01
9.124943137168884277e+01 1.707999999999999829e+01 3.100000000000000000e+01
9.152871990203857422e+01 1.708999999999999986e+01 3.101000000000000156e+01
9.180884718894958496e+01 1.707999999999999829e+01 3.105999999999999872e+01
9.208912301063537598e+01 1.714000000000000057e+01 3.101000000000000156e+01
9.236981749534606934e+01 1.703000000000000114e+01 3.103999999999999915e+01
9.264891910552978516e+01 1.707000000000000028e+01 3.101999999999999957e+01
9.292945551872253418e+01 1.701000000000000156e+01 3.105999999999999872e+01
9.321004486083984375e+01 1.703000000000000114e+01 3.112999999999999901e+01
9.348874449729919434e+01 1.701999999999999957e+01 3.108999999999999986e+01
9.376874279975891113e+01 1.698999999999999844e+01 3.114999999999999858e+01
9.404890608787536621e+01 1.703999999999999915e+01 3.117000000000000171e+01
9.432947707176208496e+01 1.698000000000000043e+01 3.116000000000000014e+01
9.460888028144836426e+01 1.698999999999999844e+01 3.116000000000000014e+01
9.488997697830200195e+01 1.696000000000000085e+01 3.119999999999999929e+01
9.516870594024658203e+01 1.701999999999999957e+01 3.119000000000000128e+01
9.544956088066101074e+01 1.698999999999999844e+01 3.121000000000000085e+01
9.572875142097473145e+01 1.696999999999999886e+01 3.121000000000000085e+01
9.600873184204101562e+01 1.701999999999999957e+01 3.123000000000000043e+01
9.628895354270935059e+01 1.696000000000000085e+01 3.123999999999999844e+01
9.656885027885437012e+01 1.694999999999999929e+01 3.125000000000000000e+01
9.685006093978881836e+01 1.692999999999999972e+01 3.128000000000000114e+01
9.712999534606933594e+01 1.696999999999999886e+01 3.132999999999999829e+01
9.740950202941894531e+01 1.700000000000000000e+01 3.133999999999999986e+01
9.768864464759826660e+01 1.696000000000000085e+01 3.128000000000000114e+01
9.796874523162841797e+01 1.692999999999999972e+01 3.132000000000000028e+01
9.824873232841491699e+01 1.694000000000000128e+01 3.132999999999999829e+01
9.852894544601440430e+01 1.692999999999999972e+01 3.133999999999999986e+01
9.880872678756713867e+01 1.692999999999999972e+01 3.132000000000000028e+01
9.908978438377380371e+01 1.687999999999999901e+01 3.139999999999999858e+01
9.936875748634338379e+01 1.692000000000000171e+01 3.139999999999999858e+01
9.964983439445495605e+01 1.692999999999999972e+01 3.142999999999999972e+01
9.992870497703552246e+01 1.685000000000000142e+01 3.144000000000000128e+01
1.002087926864624023e+02 1.687000000000000099e+01 3.142000000000000171e+01
1.004896478652954102e+02 1.689000000000000057e+01 3.151999999999999957e+01
1.007687656879425049e+02 1.682000000000000028e+01 3.144999999999999929e+01
1.010495390892028809e+02 1.685999999999999943e+01 3.148000000000000043e+01
1.013289408683776855e+02 1.687000000000000099e+01 3.151999999999999957e+01
1.016096475124359131e+02 1.685000000000000142e+01 3.151000000000000156e+01
1.018890089988708496e+02 1.680000000000000071e+01 3.155999999999999872e+01
1.021699192523956299e+02 1.683999999999999986e+01 3.153000000000000114e+01
1.024494469165802002e+02 1.685000000000000142e+01 3.157999999999999829e+01
1.027287948131561279e+02 1.678000000000000114e+01 3.153000000000000114e+01
1.030101120471954346e+02 1.682999999999999829e+01 3.155999999999999872e+01
1.032889199256896973e+02 1.675000000000000000e+01 3.160000000000000142e+01
1.035700783729553223e+02 1.676000000000000156e+01 3.158999999999999986e+01
1.038486807346343994e+02 1.676000000000000156e+01 3.155999999999999872e+01
1.041289167404174805e+02 1.676000000000000156e+01 3.158999999999999986e+01
1.044099507331848145e+02 1.678000000000000114e+01 3.162000000000000099e+01
1.046892695426940918e+02 1.678000000000000114e+01 3.162999999999999901e+01
1.049690418243408203e+02 1.673000000000000043e+01 3.162000000000000099e+01
1.052495203018188477e+02 1.673999999999999844e+01 3.169000000000000128e+01
1.055294079780578613e+02 1.675000000000000000e+01 3.164000000000000057e+01
1.058087742328643799e+02 1.675000000000000000e+01 3.167999999999999972e+01
1.060889949798583984e+02 1.676000000000000156e+01 3.167999999999999972e+01
1.063688278198242188e+02 1.673999999999999844e+01 3.167000000000000171e+01
1.066499488353729248e+02 1.675000000000000000e+01 3.167000000000000171e+01
1.069287958145141602e+02 1.671000000000000085e+01 3.169999999999999929e+01
1.072096648216247559e+02 1.675000000000000000e+01 3.171999999999999886e+01
1.074901618957519531e+02 1.667000000000000171e+01 3.171000000000000085e+01
1.077686312198638916e+02 1.669999999999999929e+01 3.178000000000000114e+01
1.080486564636230469e+02 1.673000000000000043e+01 3.182000000000000028e+01
1.083287835121154785e+02 1.669000000000000128e+01 3.178000000000000114e+01
1.086086447238922119e+02 1.669000000000000128e+01 3.176999999999999957e+01
1.088888242244720459e+02 1.671000000000000085e+01 3.180000000000000071e+01
1.091693587303161621e+02 1.660000000000000142e+01 3.175000000000000000e+01
1.094494919776916504e+02 1.667999999999999972e+01 3.185000000000000142e+01
1.097287902832031250e+02 1.667000000000000171e+01 3.183999999999999986e+01
1.100087625980377197e+02 1.664000000000000057e+01 3.180999999999999872e+01
1.102887361049652100e+02 1.667000000000000171e+01 3.189000000000000057e+01
1.105692207813262939e+02 1.662999999999999901e+01 3.187999999999999901e+01
1.108487935066223145e+02 1.658999999999999986e+01 3.194000000000000128e+01
1.111294193267822266e+02 1.657999999999999829e+01 3.185000000000000142e+01
1.114093296527862549e+02 1.662999999999999901e+01 3.196000000000000085e+01
1.116887071132659912e+02 1.657999999999999829e+01 3.187999999999999901e+01
1.119687275886535645e+02 1.657000000000000028e+01 3.192000000000000171e+01
1.122486844062805176e+02 1.660999999999999943e+01 3.194000000000000128e+01
1.125293629169464111e+02 1.658999999999999986e+01 3.196999999999999886e+01
1.128089311122894287e+02 1.660000000000000142e+01 3.196000000000000085e+01
1.130890769958496094e+02 1.660000000000000142e+01 3.194000000000000128e+01
1.133697392940521240e+02 1.655000000000000071e+01 3.194000000000000128e+01
1.136494500637054443e+02 1.660999999999999943e+01 3.200999999999999801e+01
1.139286282062530518e+02 1.657000000000000028e+01 3.202000000000000313e+01
1.142086112499237061e+02 1.660999999999999943e+01 3.200999999999999801e+01
1.144886326789855957e+02 1.657000000000000028e+01 3.200999999999999801e+01
1.147691106796264648e+02 1.648999999999999844e+01 3.203000000000000114e+01
1.150487823486328125e+02 1.658999999999999986e+01 3.202000000000000313e+01
1.153297138214111328e+02 1.651999999999999957e+01 3.207999999999999829e+01
1.156097564697265625e+02 1.655000000000000071e+01 3.206000000000000227e+01
1.158886818885803223e+02 1.657000000000000028e+01 3.210999999999999943e+01
1.161685922145843506e+02 1.657999999999999829e+01 3.210000000000000142e+01
1.164486868381500244e+02 1.651999999999999957e+01 3.206000000000000227e+01
1.167298021316528320e+02 1.653000000000000114e+01 3.209000000000000341e+01
1.170087132453918457e+02 1.651999999999999957e+01 3.211999999999999744e+01
1.172899010181427002e+02 1.651000000000000156e+01 3.210999999999999943e+01
1.175696530342102051e+02 1.653999999999999915e+01 3.214000000000000057e+01
1.178487336635589600e+02 1.651000000000000156e+01 3.214000000000000057e+01
1.181285839080810547e+02 1.650000000000000000e+01 3.220000000000000284e+01
1.184085342884063721e+02 1.651000000000000156e+01 3.220000000000000284e+01
1.186885664463043213e+02 1.653000000000000114e+01 3.211999999999999744e+01
1.189686424732208252e+02 1.651000000000000156e+01 3.217000000000000171e+01
1.192497477531433105e+02 1.648999999999999844e+01 3.220000000000000284e+01
1.195299017429351807e+02 1.648999999999999844e+01 3.214999999999999858e+01
1.198095350265502930e+02 1.646000000000000085e+01 3.225000000000000000e+01
1.200887320041656494e+02 1.644000000000000128e+01 3.221999999999999886e+01
