6.198883056640625000e-06 2.264000000000000057e+01 2.266000000000000014e+01
2.526972293853759766e-01 2.269999999999999929e+01 2.262999999999999901e+01
5.290603637695312500e-01 2.269999999999999929e+01 2.264999999999999858e+01
8.097376823425292969e-01 2.264999999999999858e+01 2.266000000000000014e+01
1.089573621749877930e+00 2.262000000000000099e+01 2.269999999999999929e+01
1.368997097015380859e+00 2.267999999999999972e+01 2.264000000000000057e+01
1.648905515670776367e+00 2.264000000000000057e+01 2.264999999999999858e+01
1.928865671157836914e+00 2.269000000000000128e+01 2.262999999999999901e+01
2.208949804306030273e+00 2.264000000000000057e+01 2.264999999999999858e+01
2.488971710205078125e+00 2.269999999999999929e+01 2.271000000000000085e+01
2.769728660583496094e+00 2.264999999999999858e+01 2.262000000000000099e+01
3.049793243408203125e+00 2.271999999999999886e+01 2.262999999999999901e+01
3.329518556594848633e+00 2.267000000000000171e+01 2.269000000000000128e+01
3.608993530273437500e+00 2.266000000000000014e+01 2.262999999999999901e+01
3.888965606689453125e+00 2.266000000000000014e+01 2.260000000000000142e+01
4.168984889984130859e+00 2.258999999999999986e+01 2.264000000000000057e+01
4.448948144912719727e+00 2.269000000000000128e+01 2.267999999999999972e+01
4.729560136795043945e+00 2.262999999999999901e+01 2.269999999999999929e+01
5.009736061096191406e+00 2.257999999999999829e+01 2.267999999999999972e+01
5.289712905883789062e+00 2.269999999999999929e+01 2.271999999999999886e+01
5.568898677825927734e+00 2.260000000000000142e+01 2.273999999999999844e+01
5.848933696746826172e+00 2.262000000000000099e+01 2.271999999999999886e+01
6.128986358642578125e+00 2.264000000000000057e+01 2.269999999999999929e+01
6.409745454788208008e+00 2.255999999999999872e+01 2.271000000000000085e+01
6.689030647277832031e+00 2.257000000000000028e+01 2.269999999999999929e+01
6.969749450683593750e+00 2.255999999999999872e+01 2.276999999999999957e+01
7.249404668807983398e+00 2.257999999999999829e+01 2.275000000000000000e+01
7.529056072235107422e+00 2.253999999999999915e+01 2.276000000000000156e+01
7.808921098709106445e+00 2.258999999999999986e+01 2.276999999999999957e+01
8.089070796966552734e+00 2.255000000000000071e+01 2.278999999999999915e+01
8.369668722152709961e+00 2.255999999999999872e+01 2.278999999999999915e+01
8.649148464202880859e+00 2.248000000000000043e+01 2.276000000000000156e+01
8.930006265640258789e+00 2.253000000000000114e+01 2.285000000000000142e+01
9.208904981613159180e+00 2.248999999999999844e+01 2.282000000000000028e+01
9.490020036697387695e+00 2.248999999999999844e+01 2.280000000000000071e+01
9.768874406814575195e+00 2.246000000000000085e+01 2.285000000000000142e+01
1.004916310310363770e+01 2.253000000000000114e+01 2.289000000000000057e+01
1.032956337928771973e+01 2.251000000000000156e+01 2.291000000000000014e+01
1.060892844200134277e+01 2.246000000000000085e+01 2.289000000000000057e+01
1.088963413238525391e+01 2.248999999999999844e+01 2.292000000000000171e+01
1.116907644271850586e+01 2.246000000000000085e+01 2.291000000000000014e+01
1.144886493682861328e+01 2.242000000000000171e+01 2.289000000000000057e+01
1.172881793975830078e+01 2.244999999999999929e+01 2.291000000000000014e+01
1.200907397270202637e+01 2.244999999999999929e+01 2.292999999999999972e+01
1.228963804244995117e+01 2.242999999999999972e+01 2.296999999999999886e+01
1.256907367706298828e+01 2.242999999999999972e+01 2.291000000000000014e+01
1.284989237785339355e+01 2.235999999999999943e+01 2.300000000000000000e+01
1.312891435623168945e+01 2.235999999999999943e+01 2.298999999999999844e+01
1.340993881225585938e+01 2.241000000000000014e+01 2.298000000000000043e+01
1.368893122673034668e+01 2.239000000000000057e+01 2.303000000000000114e+01
1.396894335746765137e+01 2.233999999999999986e+01 2.308999999999999986e+01
1.424908947944641113e+01 2.235000000000000142e+01 2.301999999999999957e+01
1.452896738052368164e+01 2.235000000000000142e+01 2.301999999999999957e+01
1.480954790115356445e+01 2.228999999999999915e+01 2.308999999999999986e+01
1.508916282653808594e+01 2.230000000000000071e+01 2.310999999999999943e+01
1.536967301368713379e+01 2.230000000000000071e+01 2.314000000000000057e+01
1.564894008636474609e+01 2.232000000000000028e+01 2.305000000000000071e+01
1.592893576622009277e+01 2.232000000000000028e+01 2.314000000000000057e+01
1.620887446403503418e+01 2.230000000000000071e+01 2.319000000000000128e+01
1.648930215835571289e+01 2.230999999999999872e+01 2.317000000000000171e+01
1.676894187927246094e+01 2.230000000000000071e+01 2.316000000000000014e+01
1.704972743988037109e+01 2.223999999999999844e+01 2.316000000000000014e+01
1.732950162887573242e+01 2.226000000000000156e+01 2.321000000000000085e+01
1.760893535614013672e+01 2.217999999999999972e+01 2.319999999999999929e+01
1.788888120651245117e+01 2.219999999999999929e+01 2.325000000000000000e+01
1.816917419433593750e+01 2.217999999999999972e+01 2.325000000000000000e+01
1.844969320297241211e+01 2.221999999999999886e+01 2.326999999999999957e+01
1.872890710830688477e+01 2.217999999999999972e+01 2.330000000000000071e+01
1.900964689254760742e+01 2.214999999999999858e+01 2.333999999999999986e+01
1.928961062431335449e+01 2.221000000000000085e+01 2.326999999999999957e+01
1.956879186630249023e+01 2.221999999999999886e+01 2.332000000000000028e+01
1.984879446029663086e+01 2.216000000000000014e+01 2.335000000000000142e+01
2.012908077239990234e+01 2.214000000000000057e+01 2.335000000000000142e+01
2.040946292877197266e+01 2.214000000000000057e+01 2.335000000000000142e+01
2.068883371353149414e+01 2.212999999999999901e+01 2.342999999999999972e+01
2.096940517425537109e+01 2.210999999999999943e+01 2.337999999999999901e+01
2.124941849708557129e+01 2.214999999999999858e+01 2.339999999999999858e+01
2.152956056594848633e+01 2.208999999999999986e+01 2.346000000000000085e+01
2.180876207351684570e+01 2.207999999999999829e+01 2.339000000000000057e+01
2.208916616439819336e+01 2.205000000000000071e+01 2.348999999999999844e+01
2.236938953399658203e+01 2.210000000000000142e+01 2.344999999999999929e+01
2.264899563789367676e+01 2.208999999999999986e+01 2.348999999999999844e+01
2.292939329147338867e+01 2.205000000000000071e+01 2.350000000000000000e+01
2.320955801010131836e+01 2.201999999999999957e+01 2.353000000000000114e+01
2.348952174186706543e+01 2.205000000000000071e+01 2.350000000000000000e+01
2.376884531974792480e+01 2.201999999999999957e+01 2.357000000000000028e+01
2.404882931709289551e+01 2.201000000000000156e+01 2.357000000000000028e+01
2.432919263839721680e+01 2.198999999999999844e+01 2.355999999999999872e+01
2.460886049270629883e+01 2.203000000000000114e+01 2.362999999999999901e+01
2.488885307312011719e+01 2.201999999999999957e+01 2.360999999999999943e+01
2.516937685012817383e+01 2.201000000000000156e+01 2.357999999999999829e+01
2.544945597648620605e+01 2.198000000000000043e+01 2.360999999999999943e+01
2.572875952720642090e+01 2.200000000000000000e+01 2.364000000000000057e+01
2.600874519348144531e+01 2.196000000000000085e+01 2.369000000000000128e+01
2.628879690170288086e+01 2.198000000000000043e+01 2.364999999999999858e+01
2.656946015357971191e+01 2.191000000000000014e+01 2.371999999999999886e+01
2.684876656532287598e+01 2.189999999999999858e+01 2.371999999999999886e+01
2.712960958480834961e+01 2.191000000000000014e+01 2.373000000000000043e+01
2.740977048873901367e+01 2.196999999999999886e+01 2.376000000000000156e+01
2.768880534172058105e+01 2.189999999999999858e+01 2.378999999999999915e+01
2.796875810623168945e+01 2.189000000000000057e+01 2.378999999999999915e+01
2.824878525733947754e+01 2.187999999999999901e+01 2.378000000000000114e+01
2.852984690666198730e+01 2.185999999999999943e+01 2.383999999999999986e+01
2.880900335311889648e+01 2.185000000000000142e+01 2.383999999999999986e+01
2.908954930305480957e+01 2.182999999999999829e+01 2.385000000000000142e+01
2.936961197853088379e+01 2.187999999999999901e+01 2.382999999999999829e+01
2.964897894859313965e+01 2.185000000000000142e+01 2.389999999999999858e+01
2.992940568923950195e+01 2.180999999999999872e+01 2.389999999999999858e+01
3.020892596244812012e+01 2.178999999999999915e+01 2.385000000000000142e+01
3.048894095420837402e+01 2.182999999999999829e+01 2.392000000000000171e+01
3.076877689361572266e+01 2.175000000000000000e+01 2.387000000000000099e+01
3.104995584487915039e+01 2.178000000000000114e+01 2.394000000000000128e+01
3.132901859283447266e+01 2.180000000000000071e+01 2.391000000000000014e+01
3.160961866378784180e+01 2.178999999999999915e+01 2.400000000000000000e+01
3.188872361183166504e+01 2.178000000000000114e+01 2.400000000000000000e+01
3.216892099380493164e+01 2.176999999999999957e+01 2.400000000000000000e+01
3.244945883750915527e+01 2.173999999999999844e+01 2.403000000000000114e+01
3.272878837585449219e+01 2.178000000000000114e+01 2.403000000000000114e+01
3.300965189933776855e+01 2.173999999999999844e+01 2.401000000000000156e+01
3.328953218460083008e+01 2.175000000000000000e+01 2.407000000000000028e+01
3.356955575942993164e+01 2.171000000000000085e+01 2.407999999999999829e+01
3.384879302978515625e+01 2.171999999999999886e+01 2.405999999999999872e+01
3.412874674797058105e+01 2.167000000000000171e+01 2.405000000000000071e+01
3.440875887870788574e+01 2.171000000000000085e+01 2.408999999999999986e+01
3.468870878219604492e+01 2.169000000000000128e+01 2.412999999999999901e+01
3.496950650215148926e+01 2.167999999999999972e+01 2.408999999999999986e+01
3.524939250946044922e+01 2.164999999999999858e+01 2.414999999999999858e+01
3.552937436103820801e+01 2.167000000000000171e+01 2.417999999999999972e+01
3.580872416496276855e+01 2.167000000000000171e+01 2.414000000000000057e+01
3.608869910240173340e+01 2.162999999999999901e+01 2.412000000000000099e+01
3.636874008178710938e+01 2.171000000000000085e+01 2.414999999999999858e+01
3.664941549301147461e+01 2.160999999999999943e+01 2.412999999999999901e+01
3.692886590957641602e+01 2.158999999999999986e+01 2.419000000000000128e+01
3.720970129966735840e+01 2.164999999999999858e+01 2.419999999999999929e+01
3.748942708969116211e+01 2.164999999999999858e+01 2.419000000000000128e+01
3.776864504814147949e+01 2.164000000000000057e+01 2.423999999999999844e+01
3.804874920845031738e+01 2.162000000000000099e+01 2.425000000000000000e+01
3.832946681976318359e+01 2.160000000000000142e+01 2.421999999999999886e+01
3.860948657989501953e+01 2.166000000000000014e+01 2.423999999999999844e+01
3.888873744010925293e+01 2.157999999999999829e+01 2.423999999999999844e+01
3.916964197158813477e+01 2.151999999999999957e+01 2.428999999999999915e+01
3.944946718215942383e+01 2.153999999999999915e+01 2.428999999999999915e+01
3.972865080833435059e+01 2.157000000000000028e+01 2.430999999999999872e+01
4.000871038436889648e+01 2.153000000000000114e+01 2.432000000000000028e+01
4.028953433036804199e+01 2.155000000000000071e+01 2.430999999999999872e+01
4.056934332847595215e+01 2.155999999999999872e+01 2.432000000000000028e+01
4.084856319427490234e+01 2.155000000000000071e+01 2.432999999999999829e+01
4.112930607795715332e+01 2.155999999999999872e+01 2.437999999999999901e+01
4.140889310836791992e+01 2.155999999999999872e+01 2.437999999999999901e+01
4.168878173828125000e+01 2.153999999999999915e+01 2.439999999999999858e+01
4.196869921684265137e+01 2.148000000000000043e+01 2.437999999999999901e+01
4.224866008758544922e+01 2.151999999999999957e+01 2.444999999999999929e+01
4.252883577346801758e+01 2.150000000000000000e+01 2.444000000000000128e+01
4.280890130996704102e+01 2.146000000000000085e+01 2.442999999999999972e+01
4.308957552909851074e+01 2.150000000000000000e+01 2.446000000000000085e+01
4.336940503120422363e+01 2.148999999999999844e+01 2.444999999999999929e+01
4.364894962310791016e+01 2.146000000000000085e+01 2.446999999999999886e+01
4.392871475219726562e+01 2.144000000000000128e+01 2.448999999999999844e+01
4.420874714851379395e+01 2.146999999999999886e+01 2.451999999999999957e+01
4.448877716064453125e+01 2.142999999999999972e+01 2.453999999999999915e+01
4.476986575126647949e+01 2.144000000000000128e+01 2.453000000000000114e+01
4.504899883270263672e+01 2.148999999999999844e+01 2.460000000000000142e+01
4.533025646209716797e+01 2.139000000000000057e+01 2.453000000000000114e+01
4.560937094688415527e+01 2.144000000000000128e+01 2.458999999999999986e+01
4.588853645324707031e+01 2.139000000000000057e+01 2.455000000000000071e+01
4.616871666908264160e+01 2.139000000000000057e+01 2.455000000000000071e+01
4.644874119758605957e+01 2.141000000000000014e+01 2.460000000000000142e+01
4.672935414314270020e+01 2.141000000000000014e+01 2.457999999999999829e+01
4.700870609283447266e+01 2.133999999999999986e+01 2.464999999999999858e+01
4.728866934776306152e+01 2.133999999999999986e+01 2.464999999999999858e+01
4.756938648223876953e+01 2.137999999999999901e+01 2.467999999999999972e+01
4.784857106208801270e+01 2.137000000000000099e+01 2.467999999999999972e+01
4.812865757942199707e+01 2.137999999999999901e+01 2.462000000000000099e+01
4.840866398811340332e+01 2.139000000000000057e+01 2.464999999999999858e+01
4.868914723396301270e+01 2.135999999999999943e+01 2.469000000000000128e+01
4.896857047080993652e+01 2.132999999999999829e+01 2.475000000000000000e+01
4.924873352050781250e+01 2.137999999999999901e+01 2.469999999999999929e+01
4.952921772003173828e+01 2.130999999999999872e+01 2.476000000000000156e+01
4.980866217613220215e+01 2.128000000000000114e+01 2.476999999999999957e+01
5.008865594863891602e+01 2.132999999999999829e+01 2.476000000000000156e+01
5.036872363090515137e+01 2.132999999999999829e+01 2.471999999999999886e+01
5.064923405647277832e+01 2.132000000000000028e+01 2.478000000000000114e+01
5.092866826057434082e+01 2.132000000000000028e+01 2.475000000000000000e+01
5.120886087417602539e+01 2.128999999999999915e+01 2.473999999999999844e+01
5.148881793022155762e+01 2.128999999999999915e+01 2.476000000000000156e+01
5.176924705505371094e+01 2.132000000000000028e+01 2.487000000000000099e+01
5.204862427711486816e+01 2.128000000000000114e+01 2.483999999999999986e+01
5.232879018783569336e+01 2.125000000000000000e+01 2.480999999999999872e+01
5.260988759994506836e+01 2.128000000000000114e+01 2.482999999999999829e+01
5.288881397247314453e+01 2.126000000000000156e+01 2.487999999999999901e+01
5.316868162155151367e+01 2.125000000000000000e+01 2.485999999999999943e+01
5.344947242736816406e+01 2.123999999999999844e+01 2.483999999999999986e+01
5.372934675216674805e+01 2.128000000000000114e+01 2.487000000000000099e+01
5.400859570503234863e+01 2.126999999999999957e+01 2.487999999999999901e+01
5.428873753547668457e+01 2.121999999999999886e+01 2.491000000000000014e+01
5.456924414634704590e+01 2.121999999999999886e+01 2.492999999999999972e+01
5.484885525703430176e+01 2.125000000000000000e+01 2.492999999999999972e+01
5.512935304641723633e+01 2.121000000000000085e+01 2.494000000000000128e+01
5.540932464599609375e+01 2.123000000000000043e+01 2.498999999999999844e+01
5.568926000595092773e+01 2.121000000000000085e+01 2.494000000000000128e+01
5.596870708465576172e+01 2.119999999999999929e+01 2.498000000000000043e+01
5.624860715866088867e+01 2.119999999999999929e+01 2.498000000000000043e+01
5.652867722511291504e+01 2.119999999999999929e+01 2.496999999999999886e+01
5.680858373641967773e+01 2.117000000000000171e+01 2.498999999999999844e+01
5.708883976936340332e+01 2.116000000000000014e+01 2.501999999999999957e+01
5.736936163902282715e+01 2.116000000000000014e+01 2.501000000000000156e+01
5.764932823181152344e+01 2.116000000000000014e+01 2.503000000000000114e+01
5.792858910560607910e+01 2.114000000000000057e+01 2.503999999999999915e+01
5.820859193801879883e+01 2.114000000000000057e+01 2.501000000000000156e+01
5.848863482475280762e+01 2.116000000000000014e+01 2.505999999999999872e+01
5.876866698265075684e+01 2.114999999999999858e+01 2.505999999999999872e+01
5.904857134819030762e+01 2.114000000000000057e+01 2.510000000000000142e+01
5.932901930809020996e+01 2.110999999999999943e+01 2.505000000000000071e+01
5.960969376564025879e+01 2.112000000000000099e+01 2.505000000000000071e+01
5.988927268981933594e+01 2.108999999999999986e+01 2.503999999999999915e+01
6.016862034797668457e+01 2.110999999999999943e+01 2.507999999999999829e+01
6.044854998588562012e+01 2.112999999999999901e+01 2.514000000000000057e+01
6.072855257987976074e+01 2.114000000000000057e+01 2.514999999999999858e+01
6.100859975814819336e+01 2.110000000000000142e+01 2.510999999999999943e+01
6.128855466842651367e+01 2.110999999999999943e+01 2.517999999999999972e+01
6.156937503814697266e+01 2.112000000000000099e+01 2.510999999999999943e+01
6.184980368614196777e+01 2.110000000000000142e+01 2.517999999999999972e+01
6.212863039970397949e+01 2.110999999999999943e+01 2.512000000000000099e+01
6.240879845619201660e+01 2.107999999999999829e+01 2.512000000000000099e+01
6.268913912773132324e+01 2.105999999999999872e+01 2.519999999999999929e+01
6.296859669685363770e+01 2.105999999999999872e+01 2.521000000000000085e+01
6.324909639358520508e+01 2.105000000000000071e+01 2.523000000000000043e+01
6.352932667732238770e+01 2.105000000000000071e+01 2.523999999999999844e+01
6.380922579765319824e+01 2.105000000000000071e+01 2.526000000000000156e+01
6.408854269981384277e+01 2.101999999999999957e+01 2.525000000000000000e+01
6.436867642402648926e+01 2.103999999999999915e+01 2.526000000000000156e+01
6.464852046966552734e+01 2.103999999999999915e+01 2.526000000000000156e+01
6.492850470542907715e+01 2.103999999999999915e+01 2.530999999999999872e+01
6.520915651321411133e+01 2.108999999999999986e+01 2.532000000000000028e+01
6.548927688598632812e+01 2.101999999999999957e+01 2.532000000000000028e+01
6.576909637451171875e+01 2.103999999999999915e+01 2.532999999999999829e+01
6.604860353469848633e+01 2.105000000000000071e+01 2.528999999999999915e+01
6.632863450050354004e+01 2.096999999999999886e+01 2.526999999999999957e+01
6.660909628868103027e+01 2.103000000000000114e+01 2.526999999999999957e+01
6.688945579528808594e+01 2.101000000000000156e+01 2.533999999999999986e+01
6.716912698745727539e+01 2.098999999999999844e+01 2.533999999999999986e+01
6.744924831390380859e+01 2.101999999999999957e+01 2.535999999999999943e+01
6.772925209999084473e+01 2.098000000000000043e+01 2.530999999999999872e+01
6.800865054130554199e+01 2.101999999999999957e+01 2.532999999999999829e+01
6.828848576545715332e+01 2.098999999999999844e+01 2.530999999999999872e+01
6.856858801841735840e+01 2.096999999999999886e+01 2.537000000000000099e+01
6.884904503822326660e+01 2.098000000000000043e+01 2.537999999999999901e+01
6.912885761260986328e+01 2.096000000000000085e+01 2.539999999999999858e+01
6.940955209732055664e+01 2.096000000000000085e+01 2.542999999999999972e+01
6.968904495239257812e+01 2.096999999999999886e+01 2.544000000000000128e+01
6.996852374076843262e+01 2.094999999999999929e+01 2.542000000000000171e+01
7.024836921691894531e+01 2.092999999999999972e+01 2.539000000000000057e+01
7.052843880653381348e+01 2.096000000000000085e+01 2.546000000000000085e+01
7.080908250808715820e+01 2.094999999999999929e+01 2.542999999999999972e+01
7.108840990066528320e+01 2.094000000000000128e+01 2.548000000000000043e+01
7.136866903305053711e+01 2.092999999999999972e+01 2.546000000000000085e+01
7.164936184883117676e+01 2.094999999999999929e+01 2.546999999999999886e+01
7.192920613288879395e+01 2.092999999999999972e+01 2.550000000000000000e+01
7.220852017402648926e+01 2.089999999999999858e+01 2.548000000000000043e+01
7.248840713500976562e+01 2.094000000000000128e+01 2.551999999999999957e+01
7.276863884925842285e+01 2.094000000000000128e+01 2.550000000000000000e+01
7.304864358901977539e+01 2.091000000000000014e+01 2.544999999999999929e+01
7.332927918434143066e+01 2.087000000000000099e+01 2.551000000000000156e+01
7.360900998115539551e+01 2.091000000000000014e+01 2.555000000000000071e+01
7.388842892646789551e+01 2.087999999999999901e+01 2.551999999999999957e+01
7.416845655441284180e+01 2.089999999999999858e+01 2.551000000000000156e+01
7.444850277900695801e+01 2.085999999999999943e+01 2.553999999999999915e+01
7.472843360900878906e+01 2.087999999999999901e+01 2.551000000000000156e+01
7.500918292999267578e+01 2.089000000000000057e+01 2.553999999999999915e+01
7.528858995437622070e+01 2.087000000000000099e+01 2.553999999999999915e+01
7.556929039955139160e+01 2.087000000000000099e+01 2.560000000000000142e+01
7.584847855567932129e+01 2.089000000000000057e+01 2.560999999999999943e+01
7.612846183776855469e+01 2.080999999999999872e+01 2.562000000000000099e+01
7.640850853919982910e+01 2.083999999999999986e+01 2.558999999999999986e+01
7.668850064277648926e+01 2.085999999999999943e+01 2.560000000000000142e+01
7.696923184394836426e+01 2.083999999999999986e+01 2.562000000000000099e+01
7.724851775169372559e+01 2.083999999999999986e+01 2.560999999999999943e+01
7.752907299995422363e+01 2.080999999999999872e+01 2.553999999999999915e+01
7.780837821960449219e+01 2.085999999999999943e+01 2.560999999999999943e+01
7.808848571777343750e+01 2.089000000000000057e+01 2.569000000000000128e+01
7.836852383613586426e+01 2.082999999999999829e+01 2.557999999999999829e+01
7.864844870567321777e+01 2.085000000000000142e+01 2.567000000000000171e+01
7.892895174026489258e+01 2.076000000000000156e+01 2.567999999999999972e+01
7.920843148231506348e+01 2.078000000000000114e+01 2.569000000000000128e+01
7.948945856094360352e+01 2.082000000000000028e+01 2.564000000000000057e+01
7.976848721504211426e+01 2.082000000000000028e+01 2.571000000000000085e+01
8.004845023155212402e+01 2.078000000000000114e+01 2.567000000000000171e+01
8.032870721817016602e+01 2.076000000000000156e+01 2.567000000000000171e+01
8.060912919044494629e+01 2.083999999999999986e+01 2.569000000000000128e+01
8.088896250724792480e+01 2.078000000000000114e+01 2.573999999999999844e+01
8.116848993301391602e+01 2.076999999999999957e+01 2.571000000000000085e+01
8.144849109649658203e+01 2.080000000000000071e+01 2.569000000000000128e+01
8.172921681404113770e+01 2.076999999999999957e+01 2.578000000000000114e+01
8.200899720191955566e+01 2.080000000000000071e+01 2.569999999999999929e+01
8.228835821151733398e+01 2.076000000000000156e+01 2.571999999999999886e+01
8.256851673126220703e+01 2.078000000000000114e+01 2.576999999999999957e+01
8.284920430183410645e+01 2.073999999999999844e+01 2.582000000000000028e+01
8.312837672233581543e+01 2.075000000000000000e+01 2.578000000000000114e+01
8.340883183479309082e+01 2.076999999999999957e+01 2.580000000000000071e+01
8.368964242935180664e+01 2.078000000000000114e+01 2.578999999999999915e+01
8.396911597251892090e+01 2.071999999999999886e+01 2.580000000000000071e+01
8.424845170974731445e+01 2.076000000000000156e+01 2.580999999999999872e+01
8.452840781211853027e+01 2.071999999999999886e+01 2.582999999999999829e+01
8.480880856513977051e+01 2.076999999999999957e+01 2.576000000000000156e+01
8.508849120140075684e+01 2.075000000000000000e+01 2.582000000000000028e+01
8.536860799789428711e+01 2.078000000000000114e+01 2.585000000000000142e+01
8.564927196502685547e+01 2.076000000000000156e+01 2.587999999999999901e+01
8.592870211601257324e+01 2.076000000000000156e+01 2.582999999999999829e+01
8.620852923393249512e+01 2.069000000000000128e+01 2.587000000000000099e+01
8.648846554756164551e+01 2.073000000000000043e+01 2.585000000000000142e+01
8.676849651336669922e+01 2.071000000000000085e+01 2.585000000000000142e+01
8.704847025871276855e+01 2.071000000000000085e+01 2.594999999999999929e+01
8.732864499092102051e+01 2.071999999999999886e+01 2.585999999999999943e+01
8.760949158668518066e+01 2.073999999999999844e+01 2.589999999999999858e+01
8.788888216018676758e+01 2.071999999999999886e+01 2.591000000000000014e+01
8.816845273971557617e+01 2.071000000000000085e+01 2.587999999999999901e+01
8.844838571548461914e+01 2.069000000000000128e+01 2.583999999999999986e+01
8.872858572006225586e+01 2.076000000000000156e+01 2.589999999999999858e+01
8.900858139991760254e+01 2.067000000000000171e+01 2.587000000000000099e+01
8.928845477104187012e+01 2.067999999999999972e+01 2.589000000000000057e+01
8.956918191909790039e+01 2.067000000000000171e+01 2.591000000000000014e+01
8.984902405738830566e+01 2.069000000000000128e+01 2.594999999999999929e+01
9.012857007980346680e+01 2.067999999999999972e+01 2.589999999999999858e+01
9.040916538238525391e+01 2.071000000000000085e+01 2.591000000000000014e+01
9.068833637237548828e+01 2.067000000000000171e+01 2.592999999999999972e+01
9.096888160705566406e+01 2.064000000000000057e+01 2.594999999999999929e+01
9.124828839302062988e+01 2.066000000000000014e+01 2.596000000000000085e+01
9.152836704254150391e+01 2.067000000000000171e+01 2.596000000000000085e+01
9.180927658081054688e+01 2.067000000000000171e+01 2.594000000000000128e+01
9.208894872665405273e+01 2.069999999999999929e+01 2.594999999999999929e+01
9.236848163604736328e+01 2.069999999999999929e+01 2.601000000000000156e+01
9.264838504791259766e+01 2.067999999999999972e+01 2.596999999999999886e+01
9.292831945419311523e+01 2.067000000000000171e+01 2.598000000000000043e+01
9.320832920074462891e+01 2.064999999999999858e+01 2.600000000000000000e+01
9.348897767066955566e+01 2.062000000000000099e+01 2.598000000000000043e+01
9.376912140846252441e+01 2.058999999999999986e+01 2.601000000000000156e+01
9.404902791976928711e+01 2.067000000000000171e+01 2.601999999999999957e+01
9.432823991775512695e+01 2.062999999999999901e+01 2.601999999999999957e+01
9.460840368270874023e+01 2.067000000000000171e+01 2.603000000000000114e+01
9.488851451873779297e+01 2.062000000000000099e+01 2.600000000000000000e+01
9.516911649703979492e+01 2.062000000000000099e+01 2.605999999999999872e+01
9.544843268394470215e+01 2.064999999999999858e+01 2.610000000000000142e+01
9.572893667221069336e+01 2.064999999999999858e+01 2.603999999999999915e+01
9.600906181335449219e+01 2.064000000000000057e+01 2.607999999999999829e+01
9.628837680816650391e+01 2.066000000000000014e+01 2.607999999999999829e+01
9.656823158264160156e+01 2.057000000000000028e+01 2.607000000000000028e+01
9.684835934638977051e+01 2.064999999999999858e+01 2.607999999999999829e+01
9.712910175323486328e+01 2.062000000000000099e+01 2.607000000000000028e+01
9.740840482711791992e+01 2.058999999999999986e+01 2.607999999999999829e+01
9.768910956382751465e+01 2.058999999999999986e+01 2.601000000000000156e+01
9.796900868415832520e+01 2.057000000000000028e+01 2.601999999999999957e+01
9.824832415580749512e+01 2.064000000000000057e+01 2.610000000000000142e+01
9.852823925018310547e+01 2.057000000000000028e+01 2.612000000000000099e+01
9.880857396125793457e+01 2.051999999999999957e+01 2.605999999999999872e+01
9.908939409255981445e+01 2.058999999999999986e+01 2.612000000000000099e+01
9.936845183372497559e+01 2.062000000000000099e+01 2.610999999999999943e+01
9.964884495735168457e+01 2.057000000000000028e+01 2.612000000000000099e+01
9.992831683158874512e+01 2.058999999999999986e+01 2.608999999999999986e+01
1.002082512378692627e+02 2.057999999999999829e+01 2.610000000000000142e+01
1.004882202148437500e+02 2.057999999999999829e+01 2.610999999999999943e+01
1.007688441276550293e+02 2.055000000000000071e+01 2.612999999999999901e+01
1.010483314990997314e+02 2.057999999999999829e+01 2.612999999999999901e+01
1.013282265663146973e+02 2.057999999999999829e+01 2.621000000000000085e+01
1.016092805862426758e+02 2.053999999999999915e+01 2.617000000000000171e+01
1.018891813755035400e+02 2.058999999999999986e+01 2.619999999999999929e+01
1.021682279109954834e+02 2.057000000000000028e+01 2.619999999999999929e+01
1.024481608867645264e+02 2.053000000000000114e+01 2.614999999999999858e+01
1.027281980514526367e+02 2.057999999999999829e+01 2.614999999999999858e+01
1.030082039833068848e+02 2.053999999999999915e+01 2.617999999999999972e+01
1.032882573604583740e+02 2.055000000000000071e+01 2.619999999999999929e+01
1.035690996646881104e+02 2.055000000000000071e+01 2.614999999999999858e+01
1.038488137722015381e+02 2.057000000000000028e+01 2.619000000000000128e+01
1.041287667751312256e+02 2.053999999999999915e+01 2.619999999999999929e+01
1.044082522392272949e+02 2.051000000000000156e+01 2.617000000000000171e+01
1.046882452964782715e+02 2.053000000000000114e+01 2.621000000000000085e+01
1.049683706760406494e+02 2.055000000000000071e+01 2.623000000000000043e+01
1.052483508586883545e+02 2.055999999999999872e+01 2.626000000000000156e+01
1.055290653705596924e+02 2.053000000000000114e+01 2.623999999999999844e+01
1.058092172145843506e+02 2.051999999999999957e+01 2.621000000000000085e+01
1.060894510746002197e+02 2.048999999999999844e+01 2.630000000000000071e+01
1.063682661056518555e+02 2.053000000000000114e+01 2.621999999999999886e+01
1.066482393741607666e+02 2.053000000000000114e+01 2.625000000000000000e+01
1.069283866882324219e+02 2.053000000000000114e+01 2.626999999999999957e+01
1.072082991600036621e+02 2.055000000000000071e+01 2.626999999999999957e+01
1.074884653091430664e+02 2.050000000000000000e+01 2.628999999999999915e+01
1.077694122791290283e+02 2.051000000000000156e+01 2.630000000000000071e+01
1.080489532947540283e+02 2.055000000000000071e+01 2.626999999999999957e+01
1.083282642364501953e+02 2.048999999999999844e+01 2.628999999999999915e+01
1.086083285808563232e+02 2.053000000000000114e+01 2.635000000000000142e+01
1.088882551193237305e+02 2.053000000000000114e+01 2.626999999999999957e+01
1.091688203811645508e+02 2.053000000000000114e+01 2.635999999999999943e+01
1.094481999874114990e+02 2.046000000000000085e+01 2.628000000000000114e+01
1.097291429042816162e+02 2.051000000000000156e+01 2.628000000000000114e+01
1.100089073181152344e+02 2.053000000000000114e+01 2.635999999999999943e+01
1.102887732982635498e+02 2.046999999999999886e+01 2.637000000000000099e+01
1.105684261322021484e+02 2.048000000000000043e+01 2.633999999999999986e+01
1.108484852313995361e+02 2.050000000000000000e+01 2.635000000000000142e+01
1.111292881965637207e+02 2.046000000000000085e+01 2.637000000000000099e+01
1.114081749916076660e+02 2.051999999999999957e+01 2.637000000000000099e+01
1.116882536411285400e+02 2.044000000000000128e+01 2.637000000000000099e+01
1.119682011604309082e+02 2.044000000000000128e+01 2.637000000000000099e+01
1.122487730979919434e+02 2.044000000000000128e+01 2.642000000000000171e+01
1.125281603336334229e+02 2.053000000000000114e+01 2.639000000000000057e+01
1.128082787990570068e+02 2.046999999999999886e+01 2.642000000000000171e+01
1.130882358551025391e+02 2.046999999999999886e+01 2.639999999999999858e+01
1.133687858581542969e+02 2.044999999999999929e+01 2.639999999999999858e+01
1.136482455730438232e+02 2.048000000000000043e+01 2.637000000000000099e+01
1.139282166957855225e+02 2.044000000000000128e+01 2.644000000000000128e+01
1.142089772224426270e+02 2.050000000000000000e+01 2.641000000000000014e+01
1.144880881309509277e+02 2.046000000000000085e+01 2.641000000000000014e+01
1.147682723999023438e+02 2.048000000000000043e+01 2.646999999999999886e+01
1.150483102798461914e+02 2.046999999999999886e+01 2.637999999999999901e+01
1.153289172649383545e+02 2.048000000000000043e+01 2.642999999999999972e+01
1.156087160110473633e+02 2.041000000000000014e+01 2.642000000000000171e+01
1.158884437084197998e+02 2.046000000000000085e+01 2.646000000000000085e+01
1.161688799858093262e+02 2.048999999999999844e+01 2.644999999999999929e+01
1.164481310844421387e+02 2.046999999999999886e+01 2.648999999999999844e+01
1.167282350063323975e+02 2.044000000000000128e+01 2.648999999999999844e+01
1.170080852508544922e+02 2.046999999999999886e+01 2.642999999999999972e+01
1.172888488769531250e+02 2.042000000000000171e+01 2.644999999999999929e+01
1.175688757896423340e+02 2.039999999999999858e+01 2.650000000000000000e+01
1.178483881950378418e+02 2.042000000000000171e+01 2.646999999999999886e+01
1.181288509368896484e+02 2.046000000000000085e+01 2.646999999999999886e+01
1.184088039398193359e+02 2.042999999999999972e+01 2.648000000000000043e+01
1.186880466938018799e+02 2.046999999999999886e+01 2.648999999999999844e+01
1.189681282043457031e+02 2.042000000000000171e+01 2.651999999999999957e+01
1.192482285499572754e+02 2.046000000000000085e+01 2.651999999999999957e+01
1.195290036201477051e+02 2.042999999999999972e+01 2.648000000000000043e+01
1.198088827133178711e+02 2.042000000000000171e+01 2.648999999999999844e+01
1.200883214473724365e+02 2.044000000000000128e+01 2.646999999999999886e+01
